1	102	78	24
1	100	80	20
1	111	80	31
1	114	86	28
1	123	89	34
1	132	90	42
1	134	89	45
1	135	90	45
1	145	98	47
1	132	80	52
1	112	79	33
1	132	78	54
1	134	89	45
1	135	90	45
1	129	88	41
1	125	80	45
1	137	88	49
1	139	92	47
1	141	90	51
1	134	80	54
1	136	78	58
1	129	79	50
1	128	80	48
1	115	84	31
1	132	78	54
1	134	89	45
1	135	90	45
1	129	88	41
1	125	80	45
1	137	88	49
1	139	92	47
1	141	90	51
1	134	80	54
1	136	78	58
1	129	79	50
1	128	80	48
1	134	80	54
1	136	78	58
1	129	79	50
1	128	80	48
1	134	89	45
1	135	90	45
1	129	88	41
1	125	80	45
1	137	88	49
1	139	92	47
1	141	90	51
1	134	80	54
2	123	89	34
2	114	86	28
2	100	80	20
2	111	80	31
2	132	78	54
2	112	79	33
2	134	89	45
2	132	80	52
2	132	90	42
2	102	78	24
2	135	90	45
2	145	98	47
2	125	80	45
2	137	88	49
2	115	84	31
2	134	80	54
2	129	79	50
2	141	90	51
2	128	80	48
2	129	88	41
2	139	92	47
2	135	90	45
2	136	78	58
2	134	89	45
2	134	80	54
2	136	78	58
2	137	88	49
2	141	90	51
2	129	79	50
2	134	89	45
2	132	78	54
2	128	80	48
2	129	88	41
2	135	90	45
2	139	92	47
2	125	80	45
2	135	90	45
2	129	88	41
2	134	80	54
2	128	80	48
2	125	80	45
2	141	90	51
2	137	88	49
2	129	79	50
2	134	89	45
2	136	78	58
2	134	80	54
2	139	92	47
3	132	78	54
3	135	90	45
3	114	86	28
3	132	80	52
3	145	98	47
3	123	89	34
3	111	80	31
3	134	89	45
3	132	90	42
3	112	79	33
3	100	80	20
3	102	78	24
3	134	89	45
3	136	78	58
3	135	90	45
3	139	92	47
3	141	90	51
3	128	80	48
3	134	80	54
3	129	79	50
3	125	80	45
3	137	88	49
3	115	84	31
3	129	88	41
3	132	78	54
3	129	88	41
3	137	88	49
3	135	90	45
3	134	80	54
3	128	80	48
3	136	78	58
3	129	79	50
3	139	92	47
3	141	90	51
3	125	80	45
3	134	89	45
3	141	90	51
3	137	88	49
3	136	78	58
3	135	90	45
3	125	80	45
3	134	80	54
3	134	80	54
3	129	79	50
3	139	92	47
3	128	80	48
3	134	89	45
3	129	88	41
4	135	90	45
4	132	80	52
4	123	89	34
4	100	80	20
4	114	86	28
4	145	98	47
4	111	80	31
4	112	79	33
4	134	89	45
4	132	78	54
4	102	78	24
4	132	90	42
4	141	90	51
4	128	80	48
4	139	92	47
4	125	80	45
4	129	88	41
4	136	78	58
4	135	90	45
4	134	89	45
4	129	79	50
4	115	84	31
4	134	80	54
4	137	88	49
4	132	78	54
4	136	78	58
4	135	90	45
4	134	89	45
4	137	88	49
4	141	90	51
4	125	80	45
4	134	80	54
4	129	88	41
4	139	92	47
4	129	79	50
4	128	80	48
4	129	88	41
4	136	78	58
4	134	89	45
4	129	79	50
4	134	80	54
4	134	80	54
4	139	92	47
4	137	88	49
4	141	90	51
4	128	80	48
4	135	90	45
4	125	80	45
5	114	86	28
5	100	80	20
5	132	78	54
5	135	90	45
5	111	80	31
5	134	89	45
5	132	90	42
5	123	89	34
5	102	78	24
5	145	98	47
5	112	79	33
5	132	80	52
5	129	88	41
5	128	80	48
5	139	92	47
5	135	90	45
5	129	79	50
5	134	89	45
5	141	90	51
5	136	78	58
5	115	84	31
5	125	80	45
5	134	80	54
5	137	88	49
5	136	78	58
5	139	92	47
5	141	90	51
5	129	88	41
5	134	80	54
5	135	90	45
5	129	79	50
5	125	80	45
5	134	89	45
5	137	88	49
5	132	78	54
5	128	80	48
5	128	80	48
5	137	88	49
5	134	89	45
5	141	90	51
5	129	79	50
5	136	78	58
5	134	80	54
5	129	88	41
5	135	90	45
5	134	80	54
5	125	80	45
5	139	92	47
6	123	89	34
6	134	89	45
6	112	79	33
6	114	86	28
6	135	90	45
6	102	78	24
6	132	78	54
6	100	80	20
6	145	98	47
6	132	90	42
6	132	80	52
6	111	80	31
6	139	92	47
6	141	90	51
6	134	80	54
6	129	79	50
6	134	89	45
6	125	80	45
6	115	84	31
6	129	88	41
6	136	78	58
6	135	90	45
6	128	80	48
6	137	88	49
6	134	89	45
6	125	80	45
6	128	80	48
6	141	90	51
6	135	90	45
6	129	88	41
6	139	92	47
6	137	88	49
6	129	79	50
6	134	80	54
6	132	78	54
6	136	78	58
6	135	90	45
6	125	80	45
6	137	88	49
6	139	92	47
6	134	80	54
6	128	80	48
6	129	88	41
6	141	90	51
6	134	80	54
6	136	78	58
6	134	89	45
6	129	79	50
7	135	90	45
7	134	89	45
7	132	80	52
7	102	78	24
7	132	90	42
7	100	80	20
7	132	78	54
7	123	89	34
7	145	98	47
7	111	80	31
7	112	79	33
7	114	86	28
7	134	80	54
7	128	80	48
7	141	90	51
7	135	90	45
7	134	89	45
7	139	92	47
7	136	78	58
7	129	88	41
7	115	84	31
7	137	88	49
7	125	80	45
7	129	79	50
7	137	88	49
7	134	80	54
7	139	92	47
7	129	79	50
7	125	80	45
7	132	78	54
7	141	90	51
7	134	89	45
7	135	90	45
7	129	88	41
7	136	78	58
7	128	80	48
7	134	89	45
7	134	80	54
7	129	88	41
7	128	80	48
7	129	79	50
7	136	78	58
7	134	80	54
7	125	80	45
7	139	92	47
7	141	90	51
7	137	88	49
7	135	90	45
8	123	89	34
8	132	78	54
8	100	80	20
8	114	86	28
8	102	78	24
8	132	80	52
8	111	80	31
8	112	79	33
8	132	90	42
8	134	89	45
8	145	98	47
8	135	90	45
8	135	90	45
8	125	80	45
8	136	78	58
8	129	88	41
8	141	90	51
8	134	80	54
8	128	80	48
8	139	92	47
8	115	84	31
8	134	89	45
8	129	79	50
8	137	88	49
8	137	88	49
8	134	80	54
8	136	78	58
8	135	90	45
8	141	90	51
8	129	79	50
8	134	89	45
8	132	78	54
8	129	88	41
8	139	92	47
8	128	80	48
8	125	80	45
8	128	80	48
8	125	80	45
8	137	88	49
8	139	92	47
8	129	79	50
8	134	80	54
8	135	90	45
8	129	88	41
8	136	78	58
8	141	90	51
8	134	89	45
8	134	80	54
9	112	79	33
9	102	78	24
9	123	89	34
9	114	86	28
9	145	98	47
9	135	90	45
9	132	90	42
9	134	89	45
9	111	80	31
9	132	78	54
9	100	80	20
9	132	80	52
9	139	92	47
9	128	80	48
9	115	84	31
9	141	90	51
9	134	89	45
9	134	80	54
9	129	79	50
9	125	80	45
9	135	90	45
9	136	78	58
9	129	88	41
9	137	88	49
9	129	88	41
9	139	92	47
9	128	80	48
9	129	79	50
9	134	89	45
9	134	80	54
9	132	78	54
9	141	90	51
9	136	78	58
9	137	88	49
9	125	80	45
9	135	90	45
9	125	80	45
9	128	80	48
9	139	92	47
9	134	80	54
9	137	88	49
9	129	88	41
9	141	90	51
9	129	79	50
9	134	80	54
9	135	90	45
9	136	78	58
9	134	89	45
10	132	90	42
10	132	78	54
10	132	80	52
10	114	86	28
10	123	89	34
10	134	89	45
10	112	79	33
10	135	90	45
10	145	98	47
10	111	80	31
10	102	78	24
10	100	80	20
10	134	80	54
10	129	79	50
10	135	90	45
10	134	89	45
10	141	90	51
10	129	88	41
10	137	88	49
10	139	92	47
10	115	84	31
10	128	80	48
10	136	78	58
10	125	80	45
10	136	78	58
10	125	80	45
10	129	79	50
10	141	90	51
10	135	90	45
10	128	80	48
10	132	78	54
10	139	92	47
10	129	88	41
10	134	89	45
10	134	80	54
10	137	88	49
10	129	79	50
10	137	88	49
10	129	88	41
10	134	80	54
10	135	90	45
10	139	92	47
10	134	80	54
10	125	80	45
10	128	80	48
10	141	90	51
10	136	78	58
10	134	89	45
11	135	90	45
11	100	80	20
11	134	89	45
11	112	79	33
11	123	89	34
11	114	86	28
11	102	78	24
11	132	78	54
11	111	80	31
11	132	80	52
11	145	98	47
11	132	90	42
11	125	80	45
11	129	79	50
11	128	80	48
11	134	89	45
11	134	80	54
11	137	88	49
11	129	88	41
11	115	84	31
11	136	78	58
11	141	90	51
11	139	92	47
11	135	90	45
11	141	90	51
11	135	90	45
11	129	79	50
11	134	80	54
11	134	89	45
11	136	78	58
11	137	88	49
11	128	80	48
11	129	88	41
11	125	80	45
11	139	92	47
11	132	78	54
11	134	89	45
11	137	88	49
11	129	88	41
11	129	79	50
11	136	78	58
11	134	80	54
11	128	80	48
11	141	90	51
11	139	92	47
11	134	80	54
11	125	80	45
11	135	90	45
12	100	80	20
12	132	78	54
12	114	86	28
12	132	90	42
12	123	89	34
12	135	90	45
12	102	78	24
12	112	79	33
12	145	98	47
12	132	80	52
12	111	80	31
12	134	89	45
12	136	78	58
12	115	84	31
12	129	79	50
12	128	80	48
12	134	80	54
12	139	92	47
12	141	90	51
12	134	89	45
12	125	80	45
12	135	90	45
12	137	88	49
12	129	88	41
12	137	88	49
12	128	80	48
12	129	88	41
12	141	90	51
12	132	78	54
12	135	90	45
12	125	80	45
12	129	79	50
12	139	92	47
12	134	89	45
12	134	80	54
12	136	78	58
12	139	92	47
12	134	89	45
12	129	88	41
12	137	88	49
12	125	80	45
12	128	80	48
12	136	78	58
12	134	80	54
12	134	80	54
12	141	90	51
12	129	79	50
12	135	90	45
13	111	80	31
13	102	78	24
13	135	90	45
13	132	90	42
13	132	78	54
13	100	80	20
13	123	89	34
13	132	80	52
13	112	79	33
13	145	98	47
13	134	89	45
13	114	86	28
13	136	78	58
13	137	88	49
13	141	90	51
13	134	80	54
13	139	92	47
13	125	80	45
13	135	90	45
13	128	80	48
13	129	88	41
13	115	84	31
13	134	89	45
13	129	79	50
13	134	80	54
13	139	92	47
13	129	88	41
13	136	78	58
13	125	80	45
13	134	89	45
13	129	79	50
13	141	90	51
13	135	90	45
13	137	88	49
13	132	78	54
13	128	80	48
13	135	90	45
13	136	78	58
13	134	80	54
13	141	90	51
13	129	88	41
13	128	80	48
13	137	88	49
13	129	79	50
13	125	80	45
13	134	89	45
13	139	92	47
13	134	80	54
14	102	78	24
14	132	78	54
14	100	80	20
14	112	79	33
14	132	80	52
14	134	89	45
14	114	86	28
14	132	90	42
14	111	80	31
14	123	89	34
14	145	98	47
14	135	90	45
14	125	80	45
14	136	78	58
14	134	80	54
14	115	84	31
14	128	80	48
14	139	92	47
14	129	88	41
14	137	88	49
14	135	90	45
14	141	90	51
14	134	89	45
14	129	79	50
14	125	80	45
14	128	80	48
14	139	92	47
14	134	80	54
14	134	89	45
14	129	79	50
14	132	78	54
14	135	90	45
14	137	88	49
14	136	78	58
14	129	88	41
14	141	90	51
14	136	78	58
14	134	80	54
14	139	92	47
14	134	80	54
14	129	79	50
14	137	88	49
14	134	89	45
14	125	80	45
14	135	90	45
14	129	88	41
14	141	90	51
14	128	80	48
15	112	79	33
15	135	90	45
15	132	90	42
15	123	89	34
15	145	98	47
15	132	80	52
15	134	89	45
15	102	78	24
15	114	86	28
15	100	80	20
15	111	80	31
15	132	78	54
15	125	80	45
15	139	92	47
15	128	80	48
15	129	79	50
15	136	78	58
15	134	80	54
15	137	88	49
15	135	90	45
15	141	90	51
15	134	89	45
15	129	88	41
15	115	84	31
15	136	78	58
15	129	88	41
15	135	90	45
15	141	90	51
15	128	80	48
15	134	80	54
15	134	89	45
15	139	92	47
15	132	78	54
15	125	80	45
15	137	88	49
15	129	79	50
15	129	79	50
15	136	78	58
15	141	90	51
15	125	80	45
15	134	89	45
15	129	88	41
15	134	80	54
15	135	90	45
15	137	88	49
15	134	80	54
15	128	80	48
15	139	92	47
16	100	80	20
16	123	89	34
16	111	80	31
16	145	98	47
16	134	89	45
16	114	86	28
16	135	90	45
16	132	80	52
16	112	79	33
16	132	78	54
16	102	78	24
16	132	90	42
16	139	92	47
16	129	88	41
16	141	90	51
16	137	88	49
16	115	84	31
16	135	90	45
16	134	89	45
16	136	78	58
16	128	80	48
16	129	79	50
16	134	80	54
16	125	80	45
16	129	79	50
16	136	78	58
16	132	78	54
16	128	80	48
16	134	89	45
16	129	88	41
16	135	90	45
16	125	80	45
16	141	90	51
16	137	88	49
16	134	80	54
16	139	92	47
16	129	88	41
16	134	80	54
16	128	80	48
16	134	89	45
16	134	80	54
16	125	80	45
16	129	79	50
16	139	92	47
16	135	90	45
16	136	78	58
16	141	90	51
16	137	88	49
17	102	78	24
17	145	98	47
17	132	78	54
17	100	80	20
17	114	86	28
17	132	80	52
17	123	89	34
17	134	89	45
17	132	90	42
17	135	90	45
17	112	79	33
17	111	80	31
17	129	79	50
17	115	84	31
17	135	90	45
17	125	80	45
17	137	88	49
17	134	89	45
17	134	80	54
17	141	90	51
17	129	88	41
17	139	92	47
17	128	80	48
17	136	78	58
17	134	80	54
17	129	88	41
17	129	79	50
17	139	92	47
17	132	78	54
17	135	90	45
17	141	90	51
17	128	80	48
17	137	88	49
17	134	89	45
17	136	78	58
17	125	80	45
17	137	88	49
17	134	89	45
17	135	90	45
17	128	80	48
17	136	78	58
17	129	79	50
17	125	80	45
17	141	90	51
17	134	80	54
17	139	92	47
17	134	80	54
17	129	88	41
18	100	80	20
18	132	90	42
18	134	89	45
18	145	98	47
18	112	79	33
18	123	89	34
18	135	90	45
18	114	86	28
18	132	78	54
18	102	78	24
18	111	80	31
18	132	80	52
18	115	84	31
18	136	78	58
18	134	80	54
18	128	80	48
18	141	90	51
18	129	88	41
18	137	88	49
18	134	89	45
18	135	90	45
18	139	92	47
18	125	80	45
18	129	79	50
18	137	88	49
18	134	80	54
18	134	89	45
18	139	92	47
18	128	80	48
18	135	90	45
18	132	78	54
18	136	78	58
18	125	80	45
18	129	88	41
18	129	79	50
18	141	90	51
18	139	92	47
18	141	90	51
18	134	89	45
18	129	88	41
18	129	79	50
18	134	80	54
18	125	80	45
18	136	78	58
18	135	90	45
18	137	88	49
18	128	80	48
18	134	80	54
19	132	80	52
19	123	89	34
19	100	80	20
19	132	78	54
19	102	78	24
19	134	89	45
19	132	90	42
19	135	90	45
19	112	79	33
19	111	80	31
19	145	98	47
19	114	86	28
19	125	80	45
19	135	90	45
19	129	79	50
19	129	88	41
19	128	80	48
19	136	78	58
19	139	92	47
19	134	80	54
19	115	84	31
19	134	89	45
19	141	90	51
19	137	88	49
19	134	89	45
19	129	79	50
19	132	78	54
19	129	88	41
19	134	80	54
19	135	90	45
19	128	80	48
19	125	80	45
19	137	88	49
19	139	92	47
19	136	78	58
19	141	90	51
19	129	88	41
19	136	78	58
19	137	88	49
19	135	90	45
19	139	92	47
19	141	90	51
19	134	80	54
19	125	80	45
19	129	79	50
19	134	89	45
19	128	80	48
19	134	80	54
20	132	78	54
20	114	86	28
20	102	78	24
20	112	79	33
20	132	80	52
20	134	89	45
20	145	98	47
20	111	80	31
20	135	90	45
20	100	80	20
20	132	90	42
20	123	89	34
20	125	80	45
20	137	88	49
20	135	90	45
20	134	80	54
20	134	89	45
20	129	88	41
20	141	90	51
20	139	92	47
20	136	78	58
20	128	80	48
20	115	84	31
20	129	79	50
20	129	79	50
20	135	90	45
20	132	78	54
20	134	89	45
20	128	80	48
20	136	78	58
20	125	80	45
20	141	90	51
20	129	88	41
20	134	80	54
20	137	88	49
20	139	92	47
20	129	88	41
20	137	88	49
20	128	80	48
20	136	78	58
20	141	90	51
20	134	80	54
20	125	80	45
20	134	89	45
20	134	80	54
20	135	90	45
20	129	79	50
20	139	92	47
21	102	78	24
21	100	80	20
21	132	80	52
21	112	79	33
21	114	86	28
21	135	90	45
21	134	89	45
21	132	78	54
21	132	90	42
21	145	98	47
21	123	89	34
21	111	80	31
21	135	90	45
21	125	80	45
21	137	88	49
21	128	80	48
21	141	90	51
21	129	79	50
21	134	89	45
21	139	92	47
21	129	88	41
21	115	84	31
21	136	78	58
21	134	80	54
21	134	89	45
21	136	78	58
21	132	78	54
21	139	92	47
21	129	79	50
21	134	80	54
21	137	88	49
21	128	80	48
21	141	90	51
21	135	90	45
21	125	80	45
21	129	88	41
21	129	88	41
21	136	78	58
21	134	80	54
21	137	88	49
21	134	80	54
21	128	80	48
21	141	90	51
21	134	89	45
21	139	92	47
21	125	80	45
21	129	79	50
21	135	90	45
22	114	86	28
22	132	78	54
22	112	79	33
22	134	89	45
22	132	80	52
22	111	80	31
22	132	90	42
22	145	98	47
22	123	89	34
22	102	78	24
22	100	80	20
22	135	90	45
22	134	80	54
22	129	88	41
22	141	90	51
22	128	80	48
22	134	89	45
22	129	79	50
22	125	80	45
22	137	88	49
22	139	92	47
22	136	78	58
22	135	90	45
22	115	84	31
22	129	88	41
22	136	78	58
22	132	78	54
22	139	92	47
22	134	89	45
22	135	90	45
22	125	80	45
22	134	80	54
22	141	90	51
22	137	88	49
22	129	79	50
22	128	80	48
22	129	88	41
22	128	80	48
22	139	92	47
22	137	88	49
22	129	79	50
22	141	90	51
22	136	78	58
22	135	90	45
22	134	89	45
22	134	80	54
22	125	80	45
22	134	80	54
23	102	78	24
23	100	80	20
23	132	90	42
23	132	78	54
23	114	86	28
23	132	80	52
23	145	98	47
23	123	89	34
23	134	89	45
23	135	90	45
23	112	79	33
23	111	80	31
23	136	78	58
23	141	90	51
23	139	92	47
23	129	79	50
23	125	80	45
23	128	80	48
23	129	88	41
23	134	89	45
23	135	90	45
23	137	88	49
23	115	84	31
23	134	80	54
23	134	89	45
23	125	80	45
23	139	92	47
23	129	79	50
23	128	80	48
23	129	88	41
23	135	90	45
23	134	80	54
23	141	90	51
23	137	88	49
23	132	78	54
23	136	78	58
23	134	80	54
23	136	78	58
23	125	80	45
23	134	89	45
23	137	88	49
23	141	90	51
23	134	80	54
23	129	88	41
23	128	80	48
23	129	79	50
23	135	90	45
23	139	92	47
24	112	79	33
24	132	90	42
24	111	80	31
24	134	89	45
24	114	86	28
24	145	98	47
24	102	78	24
24	100	80	20
24	132	78	54
24	123	89	34
24	132	80	52
24	135	90	45
24	141	90	51
24	129	79	50
24	125	80	45
24	115	84	31
24	129	88	41
24	134	89	45
24	135	90	45
24	139	92	47
24	137	88	49
24	134	80	54
24	128	80	48
24	136	78	58
24	134	89	45
24	137	88	49
24	129	88	41
24	141	90	51
24	135	90	45
24	139	92	47
24	132	78	54
24	134	80	54
24	129	79	50
24	136	78	58
24	128	80	48
24	125	80	45
24	129	88	41
24	125	80	45
24	134	80	54
24	141	90	51
24	139	92	47
24	128	80	48
24	135	90	45
24	134	89	45
24	137	88	49
24	136	78	58
24	129	79	50
24	134	80	54
25	135	90	45
25	112	79	33
25	123	89	34
25	100	80	20
25	132	80	52
25	132	78	54
25	134	89	45
25	111	80	31
25	145	98	47
25	102	78	24
25	132	90	42
25	114	86	28
25	115	84	31
25	137	88	49
25	129	79	50
25	129	88	41
25	141	90	51
25	134	80	54
25	139	92	47
25	136	78	58
25	134	89	45
25	128	80	48
25	135	90	45
25	125	80	45
25	134	89	45
25	129	88	41
25	136	78	58
25	134	80	54
25	125	80	45
25	132	78	54
25	141	90	51
25	128	80	48
25	139	92	47
25	137	88	49
25	129	79	50
25	135	90	45
25	129	79	50
25	125	80	45
25	135	90	45
25	134	89	45
25	141	90	51
25	139	92	47
25	136	78	58
25	134	80	54
25	134	80	54
25	137	88	49
25	128	80	48
25	129	88	41
26	100	80	20
26	135	90	45
26	123	89	34
26	132	90	42
26	112	79	33
26	114	86	28
26	132	78	54
26	102	78	24
26	111	80	31
26	134	89	45
26	145	98	47
26	132	80	52
26	134	89	45
26	135	90	45
26	136	78	58
26	128	80	48
26	125	80	45
26	129	79	50
26	141	90	51
26	115	84	31
26	134	80	54
26	139	92	47
26	137	88	49
26	129	88	41
26	136	78	58
26	128	80	48
26	141	90	51
26	134	80	54
26	134	89	45
26	125	80	45
26	135	90	45
26	132	78	54
26	129	79	50
26	129	88	41
26	137	88	49
26	139	92	47
26	134	89	45
26	134	80	54
26	125	80	45
26	134	80	54
26	139	92	47
26	129	88	41
26	141	90	51
26	128	80	48
26	136	78	58
26	135	90	45
26	129	79	50
26	137	88	49
27	123	89	34
27	132	90	42
27	135	90	45
27	145	98	47
27	100	80	20
27	112	79	33
27	134	89	45
27	132	80	52
27	114	86	28
27	111	80	31
27	132	78	54
27	102	78	24
27	134	80	54
27	135	90	45
27	134	89	45
27	129	88	41
27	141	90	51
27	136	78	58
27	128	80	48
27	125	80	45
27	137	88	49
27	115	84	31
27	129	79	50
27	139	92	47
27	135	90	45
27	134	80	54
27	141	90	51
27	134	89	45
27	137	88	49
27	136	78	58
27	139	92	47
27	132	78	54
27	128	80	48
27	129	79	50
27	125	80	45
27	129	88	41
27	139	92	47
27	137	88	49
27	136	78	58
27	134	89	45
27	134	80	54
27	125	80	45
27	128	80	48
27	134	80	54
27	129	79	50
27	135	90	45
27	141	90	51
27	129	88	41
28	111	80	31
28	135	90	45
28	132	90	42
28	132	80	52
28	112	79	33
28	123	89	34
28	102	78	24
28	132	78	54
28	134	89	45
28	114	86	28
28	145	98	47
28	100	80	20
28	134	89	45
28	129	88	41
28	128	80	48
28	141	90	51
28	139	92	47
28	125	80	45
28	115	84	31
28	134	80	54
28	129	79	50
28	135	90	45
28	136	78	58
28	137	88	49
28	129	88	41
28	125	80	45
28	129	79	50
28	137	88	49
28	136	78	58
28	141	90	51
28	128	80	48
28	135	90	45
28	134	89	45
28	132	78	54
28	134	80	54
28	139	92	47
28	134	89	45
28	136	78	58
28	134	80	54
28	139	92	47
28	125	80	45
28	137	88	49
28	135	90	45
28	129	88	41
28	141	90	51
28	134	80	54
28	128	80	48
28	129	79	50
29	132	80	52
29	135	90	45
29	134	89	45
29	114	86	28
29	132	78	54
29	132	90	42
29	145	98	47
29	112	79	33
29	100	80	20
29	102	78	24
29	111	80	31
29	123	89	34
29	129	88	41
29	125	80	45
29	134	89	45
29	115	84	31
29	129	79	50
29	135	90	45
29	134	80	54
29	137	88	49
29	136	78	58
29	139	92	47
29	128	80	48
29	141	90	51
29	129	88	41
29	132	78	54
29	137	88	49
29	128	80	48
29	129	79	50
29	141	90	51
29	125	80	45
29	134	89	45
29	134	80	54
29	136	78	58
29	139	92	47
29	135	90	45
29	135	90	45
29	139	92	47
29	129	79	50
29	125	80	45
29	134	89	45
29	129	88	41
29	134	80	54
29	137	88	49
29	134	80	54
29	128	80	48
29	136	78	58
29	141	90	51
30	132	78	54
30	102	78	24
30	132	90	42
30	112	79	33
30	135	90	45
30	111	80	31
30	145	98	47
30	123	89	34
30	134	89	45
30	100	80	20
30	114	86	28
30	132	80	52
30	134	89	45
30	129	88	41
30	129	79	50
30	139	92	47
30	136	78	58
30	135	90	45
30	128	80	48
30	125	80	45
30	115	84	31
30	137	88	49
30	141	90	51
30	134	80	54
30	139	92	47
30	125	80	45
30	129	88	41
30	136	78	58
30	134	89	45
30	132	78	54
30	129	79	50
30	134	80	54
30	137	88	49
30	128	80	48
30	141	90	51
30	135	90	45
30	134	89	45
30	129	88	41
30	129	79	50
30	134	80	54
30	141	90	51
30	125	80	45
30	135	90	45
30	137	88	49
30	136	78	58
30	128	80	48
30	134	80	54
30	139	92	47
31	114	86	28
31	135	90	45
31	112	79	33
31	123	89	34
31	132	78	54
31	145	98	47
31	132	80	52
31	100	80	20
31	134	89	45
31	132	90	42
31	111	80	31
31	102	78	24
31	134	89	45
31	141	90	51
31	135	90	45
31	139	92	47
31	129	79	50
31	136	78	58
31	115	84	31
31	129	88	41
31	128	80	48
31	125	80	45
31	134	80	54
31	137	88	49
31	136	78	58
31	128	80	48
31	129	88	41
31	134	89	45
31	141	90	51
31	134	80	54
31	129	79	50
31	139	92	47
31	137	88	49
31	135	90	45
31	132	78	54
31	125	80	45
31	134	80	54
31	128	80	48
31	137	88	49
31	136	78	58
31	141	90	51
31	134	80	54
31	139	92	47
31	129	79	50
31	134	89	45
31	135	90	45
31	125	80	45
31	129	88	41
32	100	80	20
32	132	78	54
32	111	80	31
32	123	89	34
32	102	78	24
32	112	79	33
32	145	98	47
32	114	86	28
32	132	90	42
32	132	80	52
32	135	90	45
32	134	89	45
32	129	79	50
32	141	90	51
32	139	92	47
32	134	80	54
32	128	80	48
32	136	78	58
32	137	88	49
32	129	88	41
32	135	90	45
32	115	84	31
32	125	80	45
32	134	89	45
32	136	78	58
32	132	78	54
32	134	89	45
32	139	92	47
32	137	88	49
32	141	90	51
32	129	79	50
32	134	80	54
32	135	90	45
32	129	88	41
32	125	80	45
32	128	80	48
32	128	80	48
32	139	92	47
32	137	88	49
32	134	89	45
32	125	80	45
32	129	79	50
32	129	88	41
32	134	80	54
32	136	78	58
32	134	80	54
32	135	90	45
32	141	90	51
33	132	78	54
33	132	80	52
33	100	80	20
33	145	98	47
33	112	79	33
33	111	80	31
33	123	89	34
33	134	89	45
33	114	86	28
33	132	90	42
33	102	78	24
33	135	90	45
33	139	92	47
33	129	79	50
33	134	89	45
33	136	78	58
33	125	80	45
33	134	80	54
33	137	88	49
33	115	84	31
33	128	80	48
33	141	90	51
33	135	90	45
33	129	88	41
33	134	80	54
33	137	88	49
33	125	80	45
33	129	79	50
33	136	78	58
33	135	90	45
33	132	78	54
33	129	88	41
33	128	80	48
33	134	89	45
33	139	92	47
33	141	90	51
33	134	80	54
33	136	78	58
33	125	80	45
33	139	92	47
33	141	90	51
33	134	89	45
33	129	79	50
33	128	80	48
33	137	88	49
33	129	88	41
33	134	80	54
33	135	90	45
34	102	78	24
34	132	78	54
34	132	80	52
34	135	90	45
34	100	80	20
34	123	89	34
34	114	86	28
34	112	79	33
34	145	98	47
34	111	80	31
34	132	90	42
34	134	89	45
34	129	79	50
34	135	90	45
34	115	84	31
34	129	88	41
34	139	92	47
34	141	90	51
34	137	88	49
34	128	80	48
34	136	78	58
34	134	89	45
34	125	80	45
34	134	80	54
34	132	78	54
34	137	88	49
34	129	88	41
34	135	90	45
34	125	80	45
34	134	80	54
34	128	80	48
34	141	90	51
34	134	89	45
34	139	92	47
34	136	78	58
34	129	79	50
34	135	90	45
34	129	88	41
34	128	80	48
34	134	80	54
34	137	88	49
34	134	80	54
34	134	89	45
34	125	80	45
34	141	90	51
34	139	92	47
34	136	78	58
34	129	79	50
35	100	80	20
35	132	90	42
35	132	78	54
35	102	78	24
35	145	98	47
35	114	86	28
35	132	80	52
35	135	90	45
35	123	89	34
35	112	79	33
35	111	80	31
35	134	89	45
35	137	88	49
35	129	88	41
35	136	78	58
35	125	80	45
35	135	90	45
35	115	84	31
35	134	89	45
35	141	90	51
35	139	92	47
35	128	80	48
35	129	79	50
35	134	80	54
35	136	78	58
35	141	90	51
35	139	92	47
35	129	88	41
35	134	80	54
35	128	80	48
35	125	80	45
35	137	88	49
35	129	79	50
35	134	89	45
35	135	90	45
35	132	78	54
35	129	88	41
35	139	92	47
35	135	90	45
35	137	88	49
35	129	79	50
35	125	80	45
35	136	78	58
35	141	90	51
35	128	80	48
35	134	80	54
35	134	89	45
35	134	80	54
36	123	89	34
36	100	80	20
36	132	90	42
36	132	80	52
36	114	86	28
36	145	98	47
36	132	78	54
36	135	90	45
36	102	78	24
36	111	80	31
36	112	79	33
36	134	89	45
36	136	78	58
36	129	88	41
36	135	90	45
36	128	80	48
36	134	89	45
36	125	80	45
36	129	79	50
36	134	80	54
36	139	92	47
36	141	90	51
36	115	84	31
36	137	88	49
36	132	78	54
36	125	80	45
36	128	80	48
36	139	92	47
36	134	89	45
36	129	88	41
36	136	78	58
36	137	88	49
36	141	90	51
36	135	90	45
36	134	80	54
36	129	79	50
36	141	90	51
36	134	80	54
36	136	78	58
36	135	90	45
36	125	80	45
36	129	79	50
36	134	89	45
36	129	88	41
36	137	88	49
36	139	92	47
36	128	80	48
36	134	80	54
37	111	80	31
37	145	98	47
37	134	89	45
37	114	86	28
37	132	80	52
37	132	78	54
37	123	89	34
37	102	78	24
37	112	79	33
37	100	80	20
37	132	90	42
37	135	90	45
37	115	84	31
37	137	88	49
37	129	79	50
37	128	80	48
37	141	90	51
37	134	89	45
37	134	80	54
37	125	80	45
37	135	90	45
37	139	92	47
37	136	78	58
37	129	88	41
37	125	80	45
37	135	90	45
37	132	78	54
37	129	88	41
37	134	80	54
37	134	89	45
37	139	92	47
37	141	90	51
37	136	78	58
37	128	80	48
37	137	88	49
37	129	79	50
37	129	88	41
37	128	80	48
37	129	79	50
37	135	90	45
37	139	92	47
37	134	80	54
37	141	90	51
37	136	78	58
37	134	80	54
37	125	80	45
37	137	88	49
37	134	89	45
38	134	89	45
38	123	89	34
38	112	79	33
38	135	90	45
38	132	78	54
38	132	90	42
38	102	78	24
38	114	86	28
38	145	98	47
38	100	80	20
38	132	80	52
38	111	80	31
38	115	84	31
38	136	78	58
38	135	90	45
38	139	92	47
38	129	88	41
38	141	90	51
38	134	80	54
38	125	80	45
38	128	80	48
38	129	79	50
38	134	89	45
38	137	88	49
38	139	92	47
38	141	90	51
38	125	80	45
38	129	79	50
38	128	80	48
38	135	90	45
38	129	88	41
38	132	78	54
38	137	88	49
38	134	80	54
38	134	89	45
38	136	78	58
38	139	92	47
38	134	89	45
38	134	80	54
38	136	78	58
38	141	90	51
38	125	80	45
38	129	79	50
38	128	80	48
38	135	90	45
38	134	80	54
38	129	88	41
38	137	88	49
39	132	80	52
39	111	80	31
39	112	79	33
39	132	90	42
39	102	78	24
39	134	89	45
39	132	78	54
39	145	98	47
39	100	80	20
39	135	90	45
39	114	86	28
39	123	89	34
39	136	78	58
39	139	92	47
39	141	90	51
39	135	90	45
39	128	80	48
39	137	88	49
39	134	89	45
39	129	79	50
39	125	80	45
39	134	80	54
39	115	84	31
39	129	88	41
39	134	80	54
39	139	92	47
39	129	88	41
39	125	80	45
39	128	80	48
39	141	90	51
39	136	78	58
39	129	79	50
39	132	78	54
39	134	89	45
39	137	88	49
39	135	90	45
39	134	80	54
39	125	80	45
39	134	80	54
39	141	90	51
39	129	88	41
39	139	92	47
39	134	89	45
39	135	90	45
39	136	78	58
39	129	79	50
39	128	80	48
39	137	88	49
40	132	78	54
40	102	78	24
40	135	90	45
40	134	89	45
40	132	90	42
40	123	89	34
40	112	79	33
40	111	80	31
40	114	86	28
40	100	80	20
40	145	98	47
40	132	80	52
40	115	84	31
40	136	78	58
40	128	80	48
40	129	88	41
40	137	88	49
40	139	92	47
40	125	80	45
40	135	90	45
40	129	79	50
40	141	90	51
40	134	89	45
40	134	80	54
40	139	92	47
40	129	79	50
40	135	90	45
40	129	88	41
40	141	90	51
40	125	80	45
40	132	78	54
40	137	88	49
40	134	80	54
40	136	78	58
40	134	89	45
40	128	80	48
40	134	80	54
40	128	80	48
40	129	88	41
40	125	80	45
40	129	79	50
40	137	88	49
40	141	90	51
40	135	90	45
40	134	89	45
40	136	78	58
40	134	80	54
40	139	92	47
41	132	90	42
41	102	78	24
41	112	79	33
41	111	80	31
41	100	80	20
41	135	90	45
41	134	89	45
41	132	80	52
41	132	78	54
41	145	98	47
41	123	89	34
41	114	86	28
41	136	78	58
41	129	79	50
41	134	80	54
41	137	88	49
41	115	84	31
41	128	80	48
41	125	80	45
41	135	90	45
41	141	90	51
41	139	92	47
41	129	88	41
41	134	89	45
41	136	78	58
41	134	80	54
41	141	90	51
41	139	92	47
41	129	79	50
41	134	89	45
41	125	80	45
41	135	90	45
41	129	88	41
41	132	78	54
41	137	88	49
41	128	80	48
41	134	80	54
41	136	78	58
41	141	90	51
41	125	80	45
41	128	80	48
41	129	88	41
41	134	80	54
41	137	88	49
41	139	92	47
41	129	79	50
41	135	90	45
41	134	89	45
42	132	80	52
42	135	90	45
42	112	79	33
42	102	78	24
42	114	86	28
42	132	78	54
42	132	90	42
42	100	80	20
42	134	89	45
42	123	89	34
42	145	98	47
42	111	80	31
42	134	80	54
42	137	88	49
42	125	80	45
42	129	79	50
42	139	92	47
42	136	78	58
42	141	90	51
42	134	89	45
42	115	84	31
42	135	90	45
42	129	88	41
42	128	80	48
42	137	88	49
42	132	78	54
42	134	80	54
42	135	90	45
42	139	92	47
42	129	79	50
42	136	78	58
42	134	89	45
42	125	80	45
42	128	80	48
42	129	88	41
42	141	90	51
42	141	90	51
42	134	80	54
42	137	88	49
42	139	92	47
42	129	79	50
42	129	88	41
42	134	89	45
42	128	80	48
42	135	90	45
42	125	80	45
42	134	80	54
42	136	78	58
43	132	90	42
43	123	89	34
43	134	89	45
43	135	90	45
43	114	86	28
43	111	80	31
43	132	78	54
43	112	79	33
43	102	78	24
43	132	80	52
43	145	98	47
43	100	80	20
43	135	90	45
43	129	79	50
43	137	88	49
43	141	90	51
43	134	80	54
43	125	80	45
43	115	84	31
43	139	92	47
43	134	89	45
43	136	78	58
43	129	88	41
43	128	80	48
43	134	89	45
43	134	80	54
43	129	79	50
43	129	88	41
43	135	90	45
43	139	92	47
43	137	88	49
43	141	90	51
43	125	80	45
43	132	78	54
43	128	80	48
43	136	78	58
43	128	80	48
43	129	88	41
43	134	89	45
43	134	80	54
43	129	79	50
43	135	90	45
43	125	80	45
43	139	92	47
43	137	88	49
43	136	78	58
43	134	80	54
43	141	90	51
44	114	86	28
44	123	89	34
44	102	78	24
44	134	89	45
44	111	80	31
44	132	80	52
44	112	79	33
44	132	78	54
44	132	90	42
44	145	98	47
44	135	90	45
44	100	80	20
44	137	88	49
44	136	78	58
44	139	92	47
44	125	80	45
44	128	80	48
44	134	80	54
44	134	89	45
44	135	90	45
44	115	84	31
44	129	79	50
44	129	88	41
44	141	90	51
44	125	80	45
44	137	88	49
44	136	78	58
44	129	88	41
44	132	78	54
44	134	89	45
44	135	90	45
44	134	80	54
44	141	90	51
44	128	80	48
44	139	92	47
44	129	79	50
44	137	88	49
44	135	90	45
44	139	92	47
44	125	80	45
44	141	90	51
44	129	88	41
44	129	79	50
44	134	89	45
44	136	78	58
44	134	80	54
44	134	80	54
44	128	80	48
45	132	78	54
45	132	80	52
45	135	90	45
45	134	89	45
45	145	98	47
45	100	80	20
45	112	79	33
45	111	80	31
45	132	90	42
45	114	86	28
45	102	78	24
45	123	89	34
45	134	89	45
45	129	79	50
45	137	88	49
45	115	84	31
45	128	80	48
45	141	90	51
45	139	92	47
45	135	90	45
45	134	80	54
45	136	78	58
45	125	80	45
45	129	88	41
45	139	92	47
45	137	88	49
45	136	78	58
45	135	90	45
45	141	90	51
45	125	80	45
45	129	88	41
45	129	79	50
45	128	80	48
45	132	78	54
45	134	89	45
45	134	80	54
45	129	88	41
45	136	78	58
45	125	80	45
45	128	80	48
45	137	88	49
45	134	80	54
45	135	90	45
45	134	80	54
45	141	90	51
45	129	79	50
45	134	89	45
45	139	92	47
46	102	78	24
46	112	79	33
46	114	86	28
46	100	80	20
46	135	90	45
46	111	80	31
46	132	78	54
46	132	80	52
46	132	90	42
46	123	89	34
46	134	89	45
46	145	98	47
46	129	79	50
46	134	89	45
46	115	84	31
46	128	80	48
46	135	90	45
46	125	80	45
46	137	88	49
46	141	90	51
46	136	78	58
46	129	88	41
46	134	80	54
46	139	92	47
46	134	80	54
46	125	80	45
46	129	79	50
46	137	88	49
46	139	92	47
46	134	89	45
46	136	78	58
46	141	90	51
46	129	88	41
46	128	80	48
46	135	90	45
46	132	78	54
46	136	78	58
46	134	89	45
46	128	80	48
46	134	80	54
46	139	92	47
46	135	90	45
46	129	88	41
46	141	90	51
46	125	80	45
46	129	79	50
46	134	80	54
46	137	88	49
47	111	80	31
47	102	78	24
47	114	86	28
47	135	90	45
47	100	80	20
47	112	79	33
47	132	90	42
47	123	89	34
47	145	98	47
47	134	89	45
47	132	80	52
47	132	78	54
47	134	80	54
47	125	80	45
47	115	84	31
47	139	92	47
47	129	79	50
47	137	88	49
47	136	78	58
47	134	89	45
47	128	80	48
47	135	90	45
47	141	90	51
47	129	88	41
47	136	78	58
47	128	80	48
47	134	80	54
47	129	79	50
47	141	90	51
47	134	89	45
47	132	78	54
47	125	80	45
47	139	92	47
47	135	90	45
47	129	88	41
47	137	88	49
47	139	92	47
47	135	90	45
47	125	80	45
47	134	89	45
47	129	79	50
47	137	88	49
47	134	80	54
47	134	80	54
47	136	78	58
47	129	88	41
47	128	80	48
47	141	90	51
48	112	79	33
48	114	86	28
48	132	78	54
48	135	90	45
48	132	80	52
48	102	78	24
48	123	89	34
48	132	90	42
48	145	98	47
48	100	80	20
48	111	80	31
48	134	89	45
48	141	90	51
48	129	79	50
48	134	80	54
48	139	92	47
48	135	90	45
48	115	84	31
48	125	80	45
48	128	80	48
48	136	78	58
48	129	88	41
48	134	89	45
48	137	88	49
48	134	80	54
48	129	79	50
48	125	80	45
48	132	78	54
48	139	92	47
48	135	90	45
48	136	78	58
48	137	88	49
48	134	89	45
48	129	88	41
48	141	90	51
48	128	80	48
48	141	90	51
48	134	80	54
48	135	90	45
48	134	89	45
48	125	80	45
48	136	78	58
48	129	88	41
48	139	92	47
48	129	79	50
48	137	88	49
48	128	80	48
48	134	80	54
49	114	86	28
49	145	98	47
49	100	80	20
49	135	90	45
49	123	89	34
49	132	80	52
49	132	78	54
49	132	90	42
49	112	79	33
49	111	80	31
49	102	78	24
49	134	89	45
49	129	88	41
49	115	84	31
49	137	88	49
49	136	78	58
49	139	92	47
49	125	80	45
49	129	79	50
49	135	90	45
49	134	89	45
49	128	80	48
49	134	80	54
49	141	90	51
49	141	90	51
49	137	88	49
49	132	78	54
49	139	92	47
49	134	89	45
49	136	78	58
49	125	80	45
49	128	80	48
49	129	79	50
49	135	90	45
49	134	80	54
49	129	88	41
49	125	80	45
49	129	88	41
49	134	80	54
49	135	90	45
49	139	92	47
49	136	78	58
49	134	80	54
49	128	80	48
49	129	79	50
49	141	90	51
49	137	88	49
49	134	89	45
50	111	80	31
50	132	80	52
50	132	90	42
50	145	98	47
50	100	80	20
50	134	89	45
50	135	90	45
50	114	86	28
50	102	78	24
50	132	78	54
50	112	79	33
50	123	89	34
50	128	80	48
50	137	88	49
50	135	90	45
50	136	78	58
50	115	84	31
50	141	90	51
50	125	80	45
50	129	79	50
50	134	89	45
50	129	88	41
50	134	80	54
50	139	92	47
50	132	78	54
50	129	79	50
50	134	80	54
50	135	90	45
50	129	88	41
50	134	89	45
50	128	80	48
50	137	88	49
50	125	80	45
50	139	92	47
50	141	90	51
50	136	78	58
50	135	90	45
50	129	88	41
50	134	89	45
50	134	80	54
50	137	88	49
50	129	79	50
50	125	80	45
50	136	78	58
50	141	90	51
50	134	80	54
50	139	92	47
50	128	80	48
51	132	90	42
51	134	89	45
51	123	89	34
51	145	98	47
51	132	78	54
51	114	86	28
51	111	80	31
51	100	80	20
51	132	80	52
51	135	90	45
51	112	79	33
51	102	78	24
51	129	79	50
51	125	80	45
51	129	88	41
51	134	89	45
51	137	88	49
51	128	80	48
51	141	90	51
51	136	78	58
51	115	84	31
51	139	92	47
51	135	90	45
51	134	80	54
51	141	90	51
51	136	78	58
51	135	90	45
51	134	80	54
51	132	78	54
51	137	88	49
51	129	79	50
51	139	92	47
51	134	89	45
51	125	80	45
51	129	88	41
51	128	80	48
51	135	90	45
51	141	90	51
51	139	92	47
51	125	80	45
51	134	80	54
51	129	88	41
51	137	88	49
51	134	89	45
51	129	79	50
51	134	80	54
51	128	80	48
51	136	78	58
52	135	90	45
52	145	98	47
52	132	80	52
52	112	79	33
52	111	80	31
52	114	86	28
52	123	89	34
52	132	90	42
52	102	78	24
52	134	89	45
52	100	80	20
52	132	78	54
52	134	89	45
52	139	92	47
52	125	80	45
52	135	90	45
52	129	79	50
52	134	80	54
52	129	88	41
52	141	90	51
52	136	78	58
52	137	88	49
52	115	84	31
52	128	80	48
52	134	89	45
52	132	78	54
52	139	92	47
52	135	90	45
52	128	80	48
52	129	88	41
52	125	80	45
52	129	79	50
52	134	80	54
52	141	90	51
52	137	88	49
52	136	78	58
52	134	80	54
52	137	88	49
52	129	88	41
52	141	90	51
52	125	80	45
52	129	79	50
52	135	90	45
52	128	80	48
52	134	89	45
52	134	80	54
52	139	92	47
52	136	78	58
53	132	90	42
53	114	86	28
53	102	78	24
53	132	78	54
53	134	89	45
53	123	89	34
53	111	80	31
53	135	90	45
53	112	79	33
53	100	80	20
53	132	80	52
53	145	98	47
53	139	92	47
53	134	89	45
53	129	79	50
53	128	80	48
53	136	78	58
53	129	88	41
53	125	80	45
53	141	90	51
53	137	88	49
53	135	90	45
53	115	84	31
53	134	80	54
53	125	80	45
53	134	80	54
53	135	90	45
53	134	89	45
53	129	88	41
53	136	78	58
53	137	88	49
53	128	80	48
53	132	78	54
53	141	90	51
53	139	92	47
53	129	79	50
53	129	79	50
53	136	78	58
53	139	92	47
53	125	80	45
53	141	90	51
53	137	88	49
53	135	90	45
53	134	89	45
53	129	88	41
53	128	80	48
53	134	80	54
53	134	80	54
54	123	89	34
54	135	90	45
54	112	79	33
54	132	90	42
54	134	89	45
54	132	80	52
54	100	80	20
54	102	78	24
54	111	80	31
54	132	78	54
54	145	98	47
54	114	86	28
54	141	90	51
54	129	88	41
54	137	88	49
54	129	79	50
54	134	80	54
54	125	80	45
54	139	92	47
54	134	89	45
54	128	80	48
54	135	90	45
54	136	78	58
54	115	84	31
54	134	89	45
54	136	78	58
54	129	88	41
54	141	90	51
54	125	80	45
54	134	80	54
54	132	78	54
54	129	79	50
54	137	88	49
54	128	80	48
54	139	92	47
54	135	90	45
54	134	80	54
54	125	80	45
54	136	78	58
54	137	88	49
54	129	88	41
54	135	90	45
54	129	79	50
54	134	80	54
54	141	90	51
54	139	92	47
54	134	89	45
54	128	80	48
55	123	89	34
55	112	79	33
55	114	86	28
55	134	89	45
55	145	98	47
55	132	78	54
55	135	90	45
55	111	80	31
55	102	78	24
55	132	80	52
55	100	80	20
55	132	90	42
55	125	80	45
55	135	90	45
55	134	89	45
55	134	80	54
55	136	78	58
55	128	80	48
55	137	88	49
55	129	79	50
55	115	84	31
55	141	90	51
55	139	92	47
55	129	88	41
55	141	90	51
55	132	78	54
55	139	92	47
55	134	89	45
55	135	90	45
55	134	80	54
55	137	88	49
55	129	88	41
55	128	80	48
55	136	78	58
55	129	79	50
55	125	80	45
55	129	79	50
55	129	88	41
55	134	89	45
55	135	90	45
55	141	90	51
55	139	92	47
55	134	80	54
55	128	80	48
55	134	80	54
55	137	88	49
55	136	78	58
55	125	80	45
56	102	78	24
56	132	90	42
56	114	86	28
56	132	78	54
56	123	89	34
56	132	80	52
56	112	79	33
56	135	90	45
56	111	80	31
56	145	98	47
56	134	89	45
56	100	80	20
56	128	80	48
56	139	92	47
56	134	80	54
56	136	78	58
56	129	79	50
56	137	88	49
56	134	89	45
56	129	88	41
56	141	90	51
56	115	84	31
56	135	90	45
56	125	80	45
56	136	78	58
56	139	92	47
56	134	89	45
56	129	88	41
56	135	90	45
56	125	80	45
56	137	88	49
56	129	79	50
56	141	90	51
56	134	80	54
56	128	80	48
56	132	78	54
56	129	88	41
56	125	80	45
56	134	80	54
56	128	80	48
56	135	90	45
56	134	80	54
56	134	89	45
56	137	88	49
56	139	92	47
56	136	78	58
56	129	79	50
56	141	90	51
57	132	78	54
57	134	89	45
57	132	80	52
57	100	80	20
57	135	90	45
57	114	86	28
57	102	78	24
57	132	90	42
57	111	80	31
57	145	98	47
57	123	89	34
57	112	79	33
57	134	80	54
57	129	88	41
57	115	84	31
57	129	79	50
57	136	78	58
57	135	90	45
57	134	89	45
57	128	80	48
57	125	80	45
57	141	90	51
57	137	88	49
57	139	92	47
57	134	89	45
57	132	78	54
57	125	80	45
57	134	80	54
57	128	80	48
57	141	90	51
57	135	90	45
57	129	88	41
57	137	88	49
57	129	79	50
57	139	92	47
57	136	78	58
57	125	80	45
57	135	90	45
57	141	90	51
57	137	88	49
57	134	80	54
57	134	80	54
57	129	88	41
57	139	92	47
57	129	79	50
57	134	89	45
57	128	80	48
57	136	78	58
58	134	89	45
58	112	79	33
58	111	80	31
58	100	80	20
58	132	80	52
58	135	90	45
58	123	89	34
58	102	78	24
58	132	78	54
58	132	90	42
58	114	86	28
58	145	98	47
58	135	90	45
58	134	80	54
58	141	90	51
58	125	80	45
58	136	78	58
58	137	88	49
58	139	92	47
58	134	89	45
58	128	80	48
58	129	79	50
58	115	84	31
58	129	88	41
58	134	80	54
58	129	79	50
58	129	88	41
58	141	90	51
58	128	80	48
58	139	92	47
58	125	80	45
58	134	89	45
58	135	90	45
58	137	88	49
58	136	78	58
58	132	78	54
58	128	80	48
58	139	92	47
58	125	80	45
58	137	88	49
58	141	90	51
58	134	80	54
58	129	79	50
58	134	80	54
58	135	90	45
58	134	89	45
58	129	88	41
58	136	78	58
59	112	79	33
59	114	86	28
59	132	80	52
59	135	90	45
59	102	78	24
59	100	80	20
59	145	98	47
59	134	89	45
59	132	90	42
59	123	89	34
59	132	78	54
59	111	80	31
59	141	90	51
59	125	80	45
59	139	92	47
59	135	90	45
59	137	88	49
59	115	84	31
59	129	88	41
59	134	80	54
59	136	78	58
59	128	80	48
59	129	79	50
59	134	89	45
59	141	90	51
59	134	89	45
59	139	92	47
59	137	88	49
59	125	80	45
59	128	80	48
59	129	88	41
59	134	80	54
59	129	79	50
59	132	78	54
59	135	90	45
59	136	78	58
59	134	80	54
59	134	89	45
59	125	80	45
59	136	78	58
59	141	90	51
59	134	80	54
59	129	88	41
59	128	80	48
59	137	88	49
59	129	79	50
59	135	90	45
59	139	92	47
60	112	79	33
60	132	80	52
60	111	80	31
60	100	80	20
60	132	90	42
60	132	78	54
60	102	78	24
60	145	98	47
60	134	89	45
60	135	90	45
60	123	89	34
60	114	86	28
60	134	80	54
60	136	78	58
60	141	90	51
60	128	80	48
60	135	90	45
60	134	89	45
60	125	80	45
60	137	88	49
60	139	92	47
60	129	88	41
60	129	79	50
60	115	84	31
60	129	79	50
60	136	78	58
60	128	80	48
60	139	92	47
60	134	89	45
60	141	90	51
60	135	90	45
60	129	88	41
60	134	80	54
60	132	78	54
60	137	88	49
60	125	80	45
60	134	80	54
60	141	90	51
60	128	80	48
60	125	80	45
60	137	88	49
60	139	92	47
60	129	88	41
60	134	89	45
60	135	90	45
60	136	78	58
60	134	80	54
60	129	79	50
61	135	90	45
61	132	78	54
61	132	80	52
61	145	98	47
61	114	86	28
61	100	80	20
61	111	80	31
61	123	89	34
61	102	78	24
61	134	89	45
61	112	79	33
61	132	90	42
61	129	79	50
61	136	78	58
61	141	90	51
61	125	80	45
61	139	92	47
61	134	80	54
61	134	89	45
61	137	88	49
61	135	90	45
61	128	80	48
61	129	88	41
61	115	84	31
61	128	80	48
61	125	80	45
61	132	78	54
61	141	90	51
61	129	88	41
61	134	89	45
61	136	78	58
61	139	92	47
61	135	90	45
61	137	88	49
61	134	80	54
61	129	79	50
61	134	80	54
61	134	80	54
61	134	89	45
61	136	78	58
61	129	79	50
61	141	90	51
61	139	92	47
61	137	88	49
61	128	80	48
61	129	88	41
61	135	90	45
61	125	80	45
62	112	79	33
62	100	80	20
62	123	89	34
62	132	78	54
62	135	90	45
62	145	98	47
62	114	86	28
62	134	89	45
62	132	90	42
62	111	80	31
62	102	78	24
62	132	80	52
62	137	88	49
62	129	79	50
62	128	80	48
62	134	89	45
62	134	80	54
62	135	90	45
62	141	90	51
62	129	88	41
62	125	80	45
62	115	84	31
62	139	92	47
62	136	78	58
62	134	80	54
62	125	80	45
62	135	90	45
62	129	88	41
62	129	79	50
62	132	78	54
62	139	92	47
62	141	90	51
62	134	89	45
62	137	88	49
62	136	78	58
62	128	80	48
62	137	88	49
62	134	89	45
62	129	88	41
62	139	92	47
62	135	90	45
62	141	90	51
62	136	78	58
62	128	80	48
62	125	80	45
62	129	79	50
62	134	80	54
62	134	80	54
63	112	79	33
63	114	86	28
63	111	80	31
63	132	80	52
63	132	78	54
63	102	78	24
63	123	89	34
63	100	80	20
63	132	90	42
63	134	89	45
63	135	90	45
63	145	98	47
63	129	88	41
63	128	80	48
63	137	88	49
63	115	84	31
63	129	79	50
63	135	90	45
63	136	78	58
63	125	80	45
63	134	80	54
63	141	90	51
63	139	92	47
63	134	89	45
63	134	89	45
63	135	90	45
63	136	78	58
63	129	88	41
63	134	80	54
63	125	80	45
63	129	79	50
63	141	90	51
63	139	92	47
63	137	88	49
63	132	78	54
63	128	80	48
63	139	92	47
63	134	89	45
63	134	80	54
63	129	79	50
63	134	80	54
63	125	80	45
63	129	88	41
63	128	80	48
63	135	90	45
63	137	88	49
63	141	90	51
63	136	78	58
64	111	80	31
64	132	78	54
64	134	89	45
64	114	86	28
64	100	80	20
64	123	89	34
64	145	98	47
64	112	79	33
64	135	90	45
64	132	90	42
64	102	78	24
64	132	80	52
64	129	79	50
64	136	78	58
64	115	84	31
64	125	80	45
64	139	92	47
64	137	88	49
64	134	80	54
64	128	80	48
64	134	89	45
64	141	90	51
64	129	88	41
64	135	90	45
64	136	78	58
64	134	89	45
64	129	88	41
64	125	80	45
64	129	79	50
64	128	80	48
64	139	92	47
64	137	88	49
64	134	80	54
64	132	78	54
64	135	90	45
64	141	90	51
64	129	79	50
64	125	80	45
64	141	90	51
64	137	88	49
64	134	89	45
64	135	90	45
64	136	78	58
64	128	80	48
64	139	92	47
64	134	80	54
64	129	88	41
64	134	80	54
65	114	86	28
65	132	90	42
65	102	78	24
65	123	89	34
65	111	80	31
65	134	89	45
65	100	80	20
65	135	90	45
65	132	80	52
65	112	79	33
65	132	78	54
65	145	98	47
65	115	84	31
65	129	88	41
65	141	90	51
65	137	88	49
65	135	90	45
65	128	80	48
65	134	80	54
65	125	80	45
65	139	92	47
65	134	89	45
65	136	78	58
65	129	79	50
65	141	90	51
65	128	80	48
65	137	88	49
65	135	90	45
65	136	78	58
65	132	78	54
65	139	92	47
65	129	79	50
65	134	89	45
65	125	80	45
65	129	88	41
65	134	80	54
65	137	88	49
65	136	78	58
65	129	88	41
65	128	80	48
65	139	92	47
65	134	89	45
65	125	80	45
65	135	90	45
65	129	79	50
65	134	80	54
65	134	80	54
65	141	90	51
66	134	89	45
66	123	89	34
66	111	80	31
66	102	78	24
66	145	98	47
66	112	79	33
66	135	90	45
66	132	80	52
66	114	86	28
66	132	78	54
66	132	90	42
66	100	80	20
66	129	88	41
66	134	80	54
66	137	88	49
66	141	90	51
66	125	80	45
66	129	79	50
66	139	92	47
66	128	80	48
66	115	84	31
66	135	90	45
66	136	78	58
66	134	89	45
66	139	92	47
66	125	80	45
66	134	80	54
66	141	90	51
66	134	89	45
66	132	78	54
66	129	88	41
66	135	90	45
66	136	78	58
66	129	79	50
66	137	88	49
66	128	80	48
66	134	80	54
66	135	90	45
66	137	88	49
66	129	79	50
66	141	90	51
66	134	80	54
66	134	89	45
66	128	80	48
66	139	92	47
66	125	80	45
66	136	78	58
66	129	88	41
67	102	78	24
67	132	90	42
67	135	90	45
67	123	89	34
67	132	80	52
67	145	98	47
67	114	86	28
67	132	78	54
67	111	80	31
67	100	80	20
67	112	79	33
67	134	89	45
67	128	80	48
67	125	80	45
67	139	92	47
67	129	88	41
67	136	78	58
67	137	88	49
67	134	80	54
67	129	79	50
67	115	84	31
67	134	89	45
67	135	90	45
67	141	90	51
67	129	79	50
67	137	88	49
67	136	78	58
67	135	90	45
67	141	90	51
67	134	89	45
67	125	80	45
67	128	80	48
67	132	78	54
67	134	80	54
67	139	92	47
67	129	88	41
67	141	90	51
67	139	92	47
67	134	80	54
67	125	80	45
67	135	90	45
67	137	88	49
67	129	88	41
67	134	89	45
67	136	78	58
67	128	80	48
67	129	79	50
67	134	80	54
68	132	90	42
68	132	78	54
68	100	80	20
68	134	89	45
68	135	90	45
68	132	80	52
68	145	98	47
68	114	86	28
68	102	78	24
68	111	80	31
68	112	79	33
68	123	89	34
68	134	89	45
68	134	80	54
68	115	84	31
68	141	90	51
68	136	78	58
68	135	90	45
68	139	92	47
68	125	80	45
68	128	80	48
68	129	79	50
68	137	88	49
68	129	88	41
68	128	80	48
68	136	78	58
68	135	90	45
68	134	89	45
68	132	78	54
68	125	80	45
68	141	90	51
68	134	80	54
68	139	92	47
68	137	88	49
68	129	79	50
68	129	88	41
68	128	80	48
68	136	78	58
68	139	92	47
68	125	80	45
68	137	88	49
68	135	90	45
68	134	89	45
68	141	90	51
68	134	80	54
68	129	79	50
68	134	80	54
68	129	88	41
69	135	90	45
69	134	89	45
69	102	78	24
69	132	78	54
69	123	89	34
69	145	98	47
69	132	80	52
69	100	80	20
69	111	80	31
69	112	79	33
69	114	86	28
69	132	90	42
69	125	80	45
69	134	80	54
69	128	80	48
69	136	78	58
69	129	79	50
69	139	92	47
69	129	88	41
69	135	90	45
69	134	89	45
69	137	88	49
69	115	84	31
69	141	90	51
69	132	78	54
69	128	80	48
69	125	80	45
69	129	88	41
69	135	90	45
69	139	92	47
69	134	80	54
69	141	90	51
69	137	88	49
69	136	78	58
69	134	89	45
69	129	79	50
69	125	80	45
69	141	90	51
69	134	80	54
69	139	92	47
69	137	88	49
69	128	80	48
69	136	78	58
69	134	80	54
69	129	88	41
69	135	90	45
69	129	79	50
69	134	89	45
70	112	79	33
70	123	89	34
70	132	90	42
70	114	86	28
70	134	89	45
70	135	90	45
70	100	80	20
70	145	98	47
70	132	80	52
70	102	78	24
70	132	78	54
70	111	80	31
70	141	90	51
70	125	80	45
70	136	78	58
70	115	84	31
70	129	79	50
70	129	88	41
70	139	92	47
70	134	89	45
70	135	90	45
70	134	80	54
70	137	88	49
70	128	80	48
70	137	88	49
70	125	80	45
70	128	80	48
70	136	78	58
70	134	89	45
70	139	92	47
70	134	80	54
70	141	90	51
70	129	79	50
70	135	90	45
70	132	78	54
70	129	88	41
70	136	78	58
70	134	80	54
70	129	79	50
70	129	88	41
70	134	89	45
70	137	88	49
70	134	80	54
70	125	80	45
70	141	90	51
70	128	80	48
70	135	90	45
70	139	92	47
71	123	89	34
71	102	78	24
71	132	80	52
71	134	89	45
71	135	90	45
71	132	78	54
71	132	90	42
71	100	80	20
71	145	98	47
71	114	86	28
71	112	79	33
71	111	80	31
71	134	89	45
71	115	84	31
71	136	78	58
71	135	90	45
71	129	88	41
71	137	88	49
71	125	80	45
71	128	80	48
71	134	80	54
71	141	90	51
71	139	92	47
71	129	79	50
71	134	89	45
71	136	78	58
71	132	78	54
71	139	92	47
71	125	80	45
71	141	90	51
71	129	79	50
71	134	80	54
71	129	88	41
71	137	88	49
71	128	80	48
71	135	90	45
71	141	90	51
71	129	88	41
71	139	92	47
71	134	80	54
71	136	78	58
71	125	80	45
71	137	88	49
71	134	89	45
71	135	90	45
71	134	80	54
71	129	79	50
71	128	80	48
72	100	80	20
72	123	89	34
72	145	98	47
72	111	80	31
72	135	90	45
72	114	86	28
72	134	89	45
72	132	90	42
72	132	80	52
72	112	79	33
72	132	78	54
72	102	78	24
72	129	88	41
72	136	78	58
72	139	92	47
72	134	89	45
72	134	80	54
72	128	80	48
72	137	88	49
72	115	84	31
72	125	80	45
72	129	79	50
72	135	90	45
72	141	90	51
72	137	88	49
72	136	78	58
72	134	80	54
72	135	90	45
72	141	90	51
72	139	92	47
72	128	80	48
72	129	88	41
72	129	79	50
72	134	89	45
72	132	78	54
72	125	80	45
72	137	88	49
72	141	90	51
72	139	92	47
72	135	90	45
72	129	88	41
72	134	80	54
72	125	80	45
72	129	79	50
72	128	80	48
72	134	89	45
72	136	78	58
72	134	80	54
73	123	89	34
73	132	90	42
73	135	90	45
73	132	78	54
73	111	80	31
73	114	86	28
73	100	80	20
73	134	89	45
73	145	98	47
73	112	79	33
73	132	80	52
73	102	78	24
73	125	80	45
73	137	88	49
73	129	88	41
73	134	89	45
73	134	80	54
73	141	90	51
73	135	90	45
73	128	80	48
73	136	78	58
73	115	84	31
73	139	92	47
73	129	79	50
73	128	80	48
73	134	89	45
73	136	78	58
73	141	90	51
73	129	79	50
73	135	90	45
73	125	80	45
73	132	78	54
73	139	92	47
73	134	80	54
73	137	88	49
73	129	88	41
73	135	90	45
73	129	88	41
73	128	80	48
73	141	90	51
73	137	88	49
73	136	78	58
73	129	79	50
73	134	80	54
73	134	89	45
73	139	92	47
73	125	80	45
73	134	80	54
74	132	90	42
74	135	90	45
74	114	86	28
74	134	89	45
74	132	78	54
74	132	80	52
74	123	89	34
74	111	80	31
74	102	78	24
74	112	79	33
74	100	80	20
74	145	98	47
74	136	78	58
74	134	80	54
74	141	90	51
74	128	80	48
74	137	88	49
74	139	92	47
74	129	88	41
74	115	84	31
74	135	90	45
74	129	79	50
74	125	80	45
74	134	89	45
74	135	90	45
74	139	92	47
74	129	79	50
74	129	88	41
74	141	90	51
74	132	78	54
74	134	89	45
74	134	80	54
74	136	78	58
74	137	88	49
74	128	80	48
74	125	80	45
74	134	89	45
74	129	79	50
74	141	90	51
74	134	80	54
74	134	80	54
74	128	80	48
74	136	78	58
74	135	90	45
74	139	92	47
74	125	80	45
74	129	88	41
74	137	88	49
75	112	79	33
75	123	89	34
75	102	78	24
75	132	90	42
75	132	78	54
75	100	80	20
75	145	98	47
75	134	89	45
75	132	80	52
75	111	80	31
75	135	90	45
75	114	86	28
75	139	92	47
75	115	84	31
75	135	90	45
75	125	80	45
75	136	78	58
75	137	88	49
75	128	80	48
75	134	80	54
75	134	89	45
75	129	88	41
75	141	90	51
75	129	79	50
75	134	89	45
75	129	88	41
75	132	78	54
75	129	79	50
75	141	90	51
75	137	88	49
75	135	90	45
75	125	80	45
75	136	78	58
75	128	80	48
75	139	92	47
75	134	80	54
75	134	80	54
75	134	89	45
75	134	80	54
75	136	78	58
75	129	88	41
75	128	80	48
75	125	80	45
75	141	90	51
75	137	88	49
75	135	90	45
75	129	79	50
75	139	92	47
76	145	98	47
76	132	78	54
76	134	89	45
76	102	78	24
76	132	90	42
76	112	79	33
76	100	80	20
76	114	86	28
76	123	89	34
76	132	80	52
76	135	90	45
76	111	80	31
76	137	88	49
76	129	79	50
76	134	89	45
76	134	80	54
76	115	84	31
76	125	80	45
76	129	88	41
76	141	90	51
76	135	90	45
76	128	80	48
76	136	78	58
76	139	92	47
76	128	80	48
76	129	88	41
76	136	78	58
76	129	79	50
76	137	88	49
76	135	90	45
76	141	90	51
76	134	89	45
76	132	78	54
76	139	92	47
76	125	80	45
76	134	80	54
76	134	80	54
76	139	92	47
76	125	80	45
76	141	90	51
76	137	88	49
76	136	78	58
76	129	88	41
76	128	80	48
76	129	79	50
76	135	90	45
76	134	80	54
76	134	89	45
77	112	79	33
77	132	90	42
77	100	80	20
77	135	90	45
77	114	86	28
77	134	89	45
77	132	80	52
77	145	98	47
77	123	89	34
77	111	80	31
77	102	78	24
77	132	78	54
77	139	92	47
77	134	89	45
77	141	90	51
77	128	80	48
77	129	79	50
77	125	80	45
77	115	84	31
77	134	80	54
77	135	90	45
77	137	88	49
77	136	78	58
77	129	88	41
77	125	80	45
77	137	88	49
77	139	92	47
77	129	88	41
77	134	80	54
77	135	90	45
77	136	78	58
77	132	78	54
77	129	79	50
77	134	89	45
77	141	90	51
77	128	80	48
77	137	88	49
77	134	80	54
77	139	92	47
77	134	89	45
77	128	80	48
77	134	80	54
77	129	88	41
77	129	79	50
77	136	78	58
77	125	80	45
77	141	90	51
77	135	90	45
78	114	86	28
78	135	90	45
78	112	79	33
78	111	80	31
78	132	78	54
78	132	90	42
78	134	89	45
78	145	98	47
78	102	78	24
78	100	80	20
78	123	89	34
78	132	80	52
78	129	79	50
78	134	80	54
78	135	90	45
78	128	80	48
78	129	88	41
78	134	89	45
78	125	80	45
78	137	88	49
78	136	78	58
78	139	92	47
78	115	84	31
78	141	90	51
78	129	79	50
78	132	78	54
78	135	90	45
78	139	92	47
78	128	80	48
78	134	89	45
78	137	88	49
78	136	78	58
78	125	80	45
78	134	80	54
78	129	88	41
78	141	90	51
78	137	88	49
78	134	80	54
78	129	79	50
78	136	78	58
78	129	88	41
78	139	92	47
78	134	89	45
78	134	80	54
78	125	80	45
78	135	90	45
78	141	90	51
78	128	80	48
79	114	86	28
79	100	80	20
79	111	80	31
79	132	78	54
79	132	80	52
79	102	78	24
79	135	90	45
79	145	98	47
79	132	90	42
79	112	79	33
79	134	89	45
79	123	89	34
79	125	80	45
79	128	80	48
79	139	92	47
79	134	80	54
79	134	89	45
79	115	84	31
79	136	78	58
79	141	90	51
79	129	79	50
79	135	90	45
79	137	88	49
79	129	88	41
79	134	80	54
79	136	78	58
79	139	92	47
79	128	80	48
79	137	88	49
79	132	78	54
79	129	88	41
79	141	90	51
79	135	90	45
79	134	89	45
79	125	80	45
79	129	79	50
79	134	89	45
79	141	90	51
79	134	80	54
79	134	80	54
79	139	92	47
79	125	80	45
79	129	88	41
79	135	90	45
79	136	78	58
79	137	88	49
79	129	79	50
79	128	80	48
80	134	89	45
80	100	80	20
80	114	86	28
80	111	80	31
80	102	78	24
80	132	90	42
80	123	89	34
80	145	98	47
80	112	79	33
80	135	90	45
80	132	80	52
80	132	78	54
80	139	92	47
80	134	80	54
80	141	90	51
80	137	88	49
80	134	89	45
80	115	84	31
80	136	78	58
80	128	80	48
80	125	80	45
80	129	79	50
80	135	90	45
80	129	88	41
80	135	90	45
80	134	80	54
80	137	88	49
80	134	89	45
80	139	92	47
80	136	78	58
80	132	78	54
80	129	88	41
80	129	79	50
80	125	80	45
80	128	80	48
80	141	90	51
80	134	80	54
80	137	88	49
80	128	80	48
80	129	79	50
80	129	88	41
80	125	80	45
80	134	80	54
80	141	90	51
80	134	89	45
80	136	78	58
80	135	90	45
80	139	92	47
81	123	89	34
81	135	90	45
81	132	78	54
81	132	90	42
81	134	89	45
81	111	80	31
81	132	80	52
81	100	80	20
81	145	98	47
81	102	78	24
81	114	86	28
81	112	79	33
81	137	88	49
81	139	92	47
81	129	88	41
81	125	80	45
81	129	79	50
81	128	80	48
81	134	80	54
81	135	90	45
81	141	90	51
81	134	89	45
81	136	78	58
81	115	84	31
81	134	89	45
81	139	92	47
81	136	78	58
81	137	88	49
81	134	80	54
81	128	80	48
81	141	90	51
81	129	79	50
81	129	88	41
81	132	78	54
81	125	80	45
81	135	90	45
81	141	90	51
81	134	89	45
81	136	78	58
81	137	88	49
81	135	90	45
81	134	80	54
81	129	88	41
81	125	80	45
81	139	92	47
81	129	79	50
81	128	80	48
81	134	80	54
82	100	80	20
82	132	90	42
82	111	80	31
82	102	78	24
82	145	98	47
82	112	79	33
82	123	89	34
82	134	89	45
82	132	80	52
82	135	90	45
82	114	86	28
82	132	78	54
82	134	89	45
82	136	78	58
82	129	79	50
82	125	80	45
82	137	88	49
82	139	92	47
82	115	84	31
82	135	90	45
82	134	80	54
82	129	88	41
82	128	80	48
82	141	90	51
82	136	78	58
82	134	89	45
82	135	90	45
82	128	80	48
82	129	88	41
82	137	88	49
82	125	80	45
82	139	92	47
82	129	79	50
82	141	90	51
82	132	78	54
82	134	80	54
82	125	80	45
82	141	90	51
82	129	79	50
82	129	88	41
82	136	78	58
82	134	80	54
82	139	92	47
82	128	80	48
82	134	89	45
82	135	90	45
82	134	80	54
82	137	88	49
83	102	78	24
83	132	78	54
83	145	98	47
83	112	79	33
83	111	80	31
83	114	86	28
83	100	80	20
83	132	90	42
83	134	89	45
83	132	80	52
83	123	89	34
83	135	90	45
83	135	90	45
83	141	90	51
83	129	79	50
83	139	92	47
83	125	80	45
83	115	84	31
83	134	89	45
83	137	88	49
83	129	88	41
83	134	80	54
83	128	80	48
83	136	78	58
83	128	80	48
83	139	92	47
83	125	80	45
83	129	79	50
83	129	88	41
83	136	78	58
83	137	88	49
83	141	90	51
83	132	78	54
83	135	90	45
83	134	80	54
83	134	89	45
83	141	90	51
83	137	88	49
83	128	80	48
83	134	80	54
83	129	79	50
83	125	80	45
83	129	88	41
83	134	89	45
83	139	92	47
83	134	80	54
83	136	78	58
83	135	90	45
84	112	79	33
84	123	89	34
84	145	98	47
84	132	80	52
84	100	80	20
84	114	86	28
84	111	80	31
84	135	90	45
84	102	78	24
84	132	78	54
84	134	89	45
84	132	90	42
84	135	90	45
84	139	92	47
84	134	80	54
84	129	79	50
84	115	84	31
84	141	90	51
84	134	89	45
84	136	78	58
84	128	80	48
84	125	80	45
84	129	88	41
84	137	88	49
84	136	78	58
84	137	88	49
84	135	90	45
84	132	78	54
84	125	80	45
84	128	80	48
84	134	89	45
84	134	80	54
84	129	79	50
84	141	90	51
84	139	92	47
84	129	88	41
84	129	79	50
84	141	90	51
84	136	78	58
84	134	80	54
84	135	90	45
84	128	80	48
84	134	80	54
84	139	92	47
84	137	88	49
84	125	80	45
84	134	89	45
84	129	88	41
85	112	79	33
85	134	89	45
85	114	86	28
85	132	90	42
85	100	80	20
85	145	98	47
85	132	80	52
85	123	89	34
85	132	78	54
85	102	78	24
85	135	90	45
85	111	80	31
85	129	79	50
85	115	84	31
85	134	89	45
85	141	90	51
85	128	80	48
85	139	92	47
85	129	88	41
85	125	80	45
85	134	80	54
85	137	88	49
85	135	90	45
85	136	78	58
85	139	92	47
85	132	78	54
85	134	89	45
85	137	88	49
85	135	90	45
85	136	78	58
85	129	79	50
85	125	80	45
85	128	80	48
85	129	88	41
85	141	90	51
85	134	80	54
85	125	80	45
85	128	80	48
85	137	88	49
85	136	78	58
85	134	80	54
85	129	88	41
85	129	79	50
85	135	90	45
85	134	80	54
85	139	92	47
85	141	90	51
85	134	89	45
86	100	80	20
86	132	78	54
86	114	86	28
86	111	80	31
86	135	90	45
86	123	89	34
86	145	98	47
86	132	90	42
86	134	89	45
86	132	80	52
86	112	79	33
86	102	78	24
86	128	80	48
86	141	90	51
86	129	88	41
86	139	92	47
86	134	89	45
86	115	84	31
86	137	88	49
86	136	78	58
86	125	80	45
86	135	90	45
86	134	80	54
86	129	79	50
86	134	80	54
86	137	88	49
86	129	88	41
86	135	90	45
86	132	78	54
86	128	80	48
86	134	89	45
86	139	92	47
86	136	78	58
86	125	80	45
86	129	79	50
86	141	90	51
86	134	80	54
86	134	89	45
86	135	90	45
86	134	80	54
86	125	80	45
86	141	90	51
86	129	79	50
86	128	80	48
86	139	92	47
86	137	88	49
86	129	88	41
86	136	78	58
87	112	79	33
87	111	80	31
87	135	90	45
87	102	78	24
87	132	90	42
87	132	80	52
87	145	98	47
87	134	89	45
87	114	86	28
87	123	89	34
87	100	80	20
87	132	78	54
87	136	78	58
87	128	80	48
87	135	90	45
87	134	80	54
87	137	88	49
87	115	84	31
87	125	80	45
87	129	79	50
87	139	92	47
87	134	89	45
87	141	90	51
87	129	88	41
87	134	80	54
87	137	88	49
87	134	89	45
87	139	92	47
87	129	79	50
87	132	78	54
87	141	90	51
87	128	80	48
87	125	80	45
87	135	90	45
87	129	88	41
87	136	78	58
87	136	78	58
87	125	80	45
87	129	88	41
87	134	89	45
87	129	79	50
87	135	90	45
87	141	90	51
87	137	88	49
87	139	92	47
87	134	80	54
87	128	80	48
87	134	80	54
88	132	90	42
88	145	98	47
88	132	80	52
88	112	79	33
88	114	86	28
88	102	78	24
88	134	89	45
88	135	90	45
88	123	89	34
88	132	78	54
88	111	80	31
88	100	80	20
88	141	90	51
88	128	80	48
88	135	90	45
88	115	84	31
88	129	88	41
88	134	80	54
88	137	88	49
88	139	92	47
88	129	79	50
88	125	80	45
88	134	89	45
88	136	78	58
88	129	88	41
88	132	78	54
88	139	92	47
88	129	79	50
88	125	80	45
88	141	90	51
88	137	88	49
88	134	80	54
88	128	80	48
88	135	90	45
88	136	78	58
88	134	89	45
88	128	80	48
88	141	90	51
88	134	89	45
88	137	88	49
88	125	80	45
88	136	78	58
88	129	79	50
88	134	80	54
88	135	90	45
88	134	80	54
88	129	88	41
88	139	92	47
89	100	80	20
89	132	90	42
89	134	89	45
89	123	89	34
89	132	80	52
89	102	78	24
89	114	86	28
89	111	80	31
89	145	98	47
89	112	79	33
89	135	90	45
89	132	78	54
89	139	92	47
89	125	80	45
89	134	80	54
89	134	89	45
89	128	80	48
89	115	84	31
89	135	90	45
89	129	79	50
89	137	88	49
89	136	78	58
89	129	88	41
89	141	90	51
89	125	80	45
89	129	88	41
89	134	89	45
89	139	92	47
89	135	90	45
89	136	78	58
89	137	88	49
89	132	78	54
89	134	80	54
89	129	79	50
89	141	90	51
89	128	80	48
89	129	88	41
89	137	88	49
89	135	90	45
89	134	80	54
89	141	90	51
89	139	92	47
89	128	80	48
89	134	80	54
89	136	78	58
89	125	80	45
89	134	89	45
89	129	79	50
90	100	80	20
90	132	80	52
90	145	98	47
90	132	78	54
90	135	90	45
90	102	78	24
90	112	79	33
90	114	86	28
90	123	89	34
90	111	80	31
90	134	89	45
90	132	90	42
90	129	88	41
90	141	90	51
90	134	80	54
90	129	79	50
90	115	84	31
90	137	88	49
90	135	90	45
90	134	89	45
90	125	80	45
90	136	78	58
90	128	80	48
90	139	92	47
90	129	88	41
90	134	80	54
90	125	80	45
90	141	90	51
90	132	78	54
90	129	79	50
90	139	92	47
90	135	90	45
90	134	89	45
90	137	88	49
90	128	80	48
90	136	78	58
90	134	89	45
90	125	80	45
90	136	78	58
90	141	90	51
90	134	80	54
90	129	79	50
90	128	80	48
90	129	88	41
90	139	92	47
90	134	80	54
90	137	88	49
90	135	90	45
91	132	80	52
91	132	90	42
91	135	90	45
91	112	79	33
91	100	80	20
91	114	86	28
91	102	78	24
91	145	98	47
91	123	89	34
91	132	78	54
91	134	89	45
91	111	80	31
91	139	92	47
91	134	89	45
91	129	79	50
91	134	80	54
91	125	80	45
91	128	80	48
91	129	88	41
91	135	90	45
91	115	84	31
91	136	78	58
91	141	90	51
91	137	88	49
91	128	80	48
91	139	92	47
91	141	90	51
91	129	79	50
91	132	78	54
91	135	90	45
91	125	80	45
91	137	88	49
91	134	80	54
91	134	89	45
91	129	88	41
91	136	78	58
91	125	80	45
91	141	90	51
91	134	80	54
91	128	80	48
91	129	88	41
91	134	80	54
91	129	79	50
91	137	88	49
91	135	90	45
91	136	78	58
91	134	89	45
91	139	92	47
92	132	90	42
92	134	89	45
92	102	78	24
92	135	90	45
92	100	80	20
92	132	78	54
92	112	79	33
92	132	80	52
92	123	89	34
92	145	98	47
92	114	86	28
92	111	80	31
92	129	88	41
92	135	90	45
92	134	80	54
92	128	80	48
92	129	79	50
92	141	90	51
92	136	78	58
92	139	92	47
92	115	84	31
92	137	88	49
92	125	80	45
92	134	89	45
92	136	78	58
92	132	78	54
92	125	80	45
92	134	80	54
92	134	89	45
92	137	88	49
92	129	79	50
92	129	88	41
92	141	90	51
92	128	80	48
92	135	90	45
92	139	92	47
92	134	80	54
92	137	88	49
92	128	80	48
92	141	90	51
92	139	92	47
92	125	80	45
92	129	79	50
92	135	90	45
92	129	88	41
92	136	78	58
92	134	80	54
92	134	89	45
93	132	78	54
93	102	78	24
93	114	86	28
93	134	89	45
93	135	90	45
93	123	89	34
93	132	80	52
93	111	80	31
93	112	79	33
93	145	98	47
93	132	90	42
93	100	80	20
93	115	84	31
93	129	88	41
93	129	79	50
93	134	80	54
93	141	90	51
93	135	90	45
93	125	80	45
93	137	88	49
93	134	89	45
93	128	80	48
93	136	78	58
93	139	92	47
93	125	80	45
93	134	80	54
93	139	92	47
93	128	80	48
93	141	90	51
93	134	89	45
93	136	78	58
93	129	88	41
93	137	88	49
93	132	78	54
93	135	90	45
93	129	79	50
93	129	88	41
93	125	80	45
93	134	80	54
93	134	80	54
93	137	88	49
93	129	79	50
93	135	90	45
93	141	90	51
93	134	89	45
93	128	80	48
93	139	92	47
93	136	78	58
94	132	80	52
94	102	78	24
94	132	78	54
94	123	89	34
94	145	98	47
94	112	79	33
94	111	80	31
94	134	89	45
94	132	90	42
94	100	80	20
94	114	86	28
94	135	90	45
94	129	79	50
94	137	88	49
94	128	80	48
94	125	80	45
94	139	92	47
94	129	88	41
94	141	90	51
94	115	84	31
94	136	78	58
94	135	90	45
94	134	80	54
94	134	89	45
94	125	80	45
94	129	88	41
94	132	78	54
94	134	80	54
94	128	80	48
94	135	90	45
94	129	79	50
94	134	89	45
94	137	88	49
94	141	90	51
94	136	78	58
94	139	92	47
94	134	89	45
94	136	78	58
94	134	80	54
94	129	79	50
94	141	90	51
94	125	80	45
94	135	90	45
94	139	92	47
94	134	80	54
94	128	80	48
94	137	88	49
94	129	88	41
95	111	80	31
95	132	90	42
95	145	98	47
95	102	78	24
95	112	79	33
95	135	90	45
95	114	86	28
95	132	80	52
95	134	89	45
95	132	78	54
95	123	89	34
95	100	80	20
95	128	80	48
95	141	90	51
95	125	80	45
95	129	88	41
95	135	90	45
95	129	79	50
95	136	78	58
95	115	84	31
95	137	88	49
95	139	92	47
95	134	89	45
95	134	80	54
95	125	80	45
95	128	80	48
95	132	78	54
95	136	78	58
95	129	88	41
95	134	89	45
95	139	92	47
95	141	90	51
95	134	80	54
95	129	79	50
95	135	90	45
95	137	88	49
95	136	78	58
95	129	79	50
95	135	90	45
95	134	80	54
95	128	80	48
95	134	89	45
95	134	80	54
95	137	88	49
95	139	92	47
95	141	90	51
95	125	80	45
95	129	88	41
96	132	80	52
96	145	98	47
96	112	79	33
96	114	86	28
96	123	89	34
96	135	90	45
96	100	80	20
96	132	90	42
96	102	78	24
96	111	80	31
96	134	89	45
96	132	78	54
96	129	88	41
96	129	79	50
96	136	78	58
96	141	90	51
96	139	92	47
96	137	88	49
96	115	84	31
96	135	90	45
96	128	80	48
96	134	89	45
96	125	80	45
96	134	80	54
96	137	88	49
96	134	89	45
96	129	79	50
96	136	78	58
96	141	90	51
96	129	88	41
96	132	78	54
96	134	80	54
96	139	92	47
96	135	90	45
96	125	80	45
96	128	80	48
96	128	80	48
96	137	88	49
96	141	90	51
96	134	80	54
96	125	80	45
96	134	80	54
96	129	79	50
96	129	88	41
96	134	89	45
96	139	92	47
96	135	90	45
96	136	78	58
97	134	89	45
97	132	90	42
97	135	90	45
97	145	98	47
97	132	78	54
97	112	79	33
97	102	78	24
97	132	80	52
97	123	89	34
97	100	80	20
97	111	80	31
97	114	86	28
97	139	92	47
97	129	88	41
97	136	78	58
97	135	90	45
97	129	79	50
97	141	90	51
97	125	80	45
97	128	80	48
97	134	89	45
97	134	80	54
97	115	84	31
97	137	88	49
97	139	92	47
97	129	79	50
97	129	88	41
97	136	78	58
97	128	80	48
97	134	89	45
97	135	90	45
97	132	78	54
97	134	80	54
97	141	90	51
97	137	88	49
97	125	80	45
97	134	80	54
97	129	79	50
97	134	89	45
97	128	80	48
97	139	92	47
97	136	78	58
97	125	80	45
97	137	88	49
97	135	90	45
97	141	90	51
97	129	88	41
97	134	80	54
98	123	89	34
98	132	90	42
98	134	89	45
98	135	90	45
98	102	78	24
98	114	86	28
98	111	80	31
98	132	78	54
98	100	80	20
98	132	80	52
98	145	98	47
98	112	79	33
98	139	92	47
98	135	90	45
98	134	80	54
98	134	89	45
98	129	79	50
98	137	88	49
98	136	78	58
98	115	84	31
98	128	80	48
98	141	90	51
98	125	80	45
98	129	88	41
98	136	78	58
98	134	80	54
98	132	78	54
98	141	90	51
98	129	79	50
98	128	80	48
98	135	90	45
98	129	88	41
98	134	89	45
98	125	80	45
98	137	88	49
98	139	92	47
98	136	78	58
98	129	88	41
98	141	90	51
98	137	88	49
98	134	80	54
98	129	79	50
98	125	80	45
98	128	80	48
98	139	92	47
98	135	90	45
98	134	89	45
98	134	80	54
99	135	90	45
99	145	98	47
99	114	86	28
99	102	78	24
99	132	78	54
99	123	89	34
99	132	80	52
99	111	80	31
99	100	80	20
99	134	89	45
99	112	79	33
99	132	90	42
99	134	80	54
99	139	92	47
99	129	79	50
99	115	84	31
99	137	88	49
99	135	90	45
99	128	80	48
99	125	80	45
99	134	89	45
99	141	90	51
99	129	88	41
99	136	78	58
99	137	88	49
99	132	78	54
99	136	78	58
99	135	90	45
99	125	80	45
99	129	79	50
99	128	80	48
99	141	90	51
99	139	92	47
99	129	88	41
99	134	89	45
99	134	80	54
99	137	88	49
99	125	80	45
99	139	92	47
99	129	88	41
99	134	89	45
99	134	80	54
99	134	80	54
99	141	90	51
99	129	79	50
99	135	90	45
99	136	78	58
99	128	80	48
100	102	78	24
100	112	79	33
100	114	86	28
100	132	90	42
100	111	80	31
100	132	78	54
100	145	98	47
100	134	89	45
100	123	89	34
100	100	80	20
100	135	90	45
100	132	80	52
100	134	89	45
100	129	88	41
100	137	88	49
100	115	84	31
100	134	80	54
100	141	90	51
100	136	78	58
100	139	92	47
100	129	79	50
100	125	80	45
100	135	90	45
100	128	80	48
100	134	80	54
100	135	90	45
100	128	80	48
100	141	90	51
100	132	78	54
100	129	79	50
100	129	88	41
100	125	80	45
100	137	88	49
100	134	89	45
100	139	92	47
100	136	78	58
100	129	79	50
100	139	92	47
100	134	80	54
100	137	88	49
100	134	89	45
100	136	78	58
100	135	90	45
100	141	90	51
100	128	80	48
100	129	88	41
100	134	80	54
100	125	80	45
101	135	90	45
101	132	80	52
101	102	78	24
101	132	78	54
101	112	79	33
101	134	89	45
101	100	80	20
101	123	89	34
101	132	90	42
101	111	80	31
101	114	86	28
101	145	98	47
101	134	89	45
101	115	84	31
101	135	90	45
101	137	88	49
101	129	79	50
101	136	78	58
101	129	88	41
101	128	80	48
101	125	80	45
101	139	92	47
101	134	80	54
101	141	90	51
101	129	79	50
101	135	90	45
101	125	80	45
101	137	88	49
101	134	80	54
101	141	90	51
101	128	80	48
101	129	88	41
101	132	78	54
101	139	92	47
101	136	78	58
101	134	89	45
101	135	90	45
101	137	88	49
101	139	92	47
101	134	89	45
101	125	80	45
101	129	88	41
101	128	80	48
101	129	79	50
101	134	80	54
101	136	78	58
101	134	80	54
101	141	90	51
102	132	90	42
102	123	89	34
102	111	80	31
102	145	98	47
102	102	78	24
102	114	86	28
102	135	90	45
102	100	80	20
102	132	80	52
102	134	89	45
102	132	78	54
102	112	79	33
102	125	80	45
102	128	80	48
102	129	79	50
102	139	92	47
102	134	80	54
102	115	84	31
102	136	78	58
102	129	88	41
102	141	90	51
102	134	89	45
102	135	90	45
102	137	88	49
102	134	80	54
102	129	88	41
102	136	78	58
102	137	88	49
102	129	79	50
102	132	78	54
102	135	90	45
102	139	92	47
102	125	80	45
102	141	90	51
102	128	80	48
102	134	89	45
102	139	92	47
102	129	88	41
102	141	90	51
102	134	80	54
102	135	90	45
102	134	89	45
102	137	88	49
102	128	80	48
102	134	80	54
102	125	80	45
102	129	79	50
102	136	78	58
103	132	78	54
103	112	79	33
103	100	80	20
103	135	90	45
103	114	86	28
103	123	89	34
103	132	90	42
103	132	80	52
103	111	80	31
103	145	98	47
103	102	78	24
103	134	89	45
103	141	90	51
103	125	80	45
103	136	78	58
103	134	80	54
103	129	88	41
103	137	88	49
103	135	90	45
103	134	89	45
103	129	79	50
103	139	92	47
103	128	80	48
103	115	84	31
103	134	80	54
103	128	80	48
103	137	88	49
103	135	90	45
103	129	79	50
103	132	78	54
103	125	80	45
103	134	89	45
103	141	90	51
103	136	78	58
103	139	92	47
103	129	88	41
103	136	78	58
103	139	92	47
103	135	90	45
103	125	80	45
103	129	79	50
103	134	80	54
103	141	90	51
103	137	88	49
103	129	88	41
103	134	89	45
103	128	80	48
103	134	80	54
104	111	80	31
104	134	89	45
104	132	90	42
104	145	98	47
104	132	78	54
104	132	80	52
104	114	86	28
104	102	78	24
104	123	89	34
104	100	80	20
104	135	90	45
104	112	79	33
104	137	88	49
104	129	79	50
104	135	90	45
104	134	80	54
104	125	80	45
104	136	78	58
104	115	84	31
104	128	80	48
104	129	88	41
104	134	89	45
104	141	90	51
104	139	92	47
104	136	78	58
104	128	80	48
104	137	88	49
104	134	80	54
104	129	88	41
104	125	80	45
104	141	90	51
104	139	92	47
104	135	90	45
104	129	79	50
104	134	89	45
104	132	78	54
104	137	88	49
104	125	80	45
104	128	80	48
104	134	89	45
104	129	79	50
104	134	80	54
104	136	78	58
104	135	90	45
104	129	88	41
104	134	80	54
104	141	90	51
104	139	92	47
105	135	90	45
105	123	89	34
105	132	90	42
105	114	86	28
105	100	80	20
105	112	79	33
105	102	78	24
105	132	78	54
105	132	80	52
105	145	98	47
105	111	80	31
105	134	89	45
105	125	80	45
105	136	78	58
105	137	88	49
105	141	90	51
105	135	90	45
105	139	92	47
105	115	84	31
105	134	80	54
105	128	80	48
105	134	89	45
105	129	79	50
105	129	88	41
105	136	78	58
105	134	80	54
105	125	80	45
105	137	88	49
105	139	92	47
105	134	89	45
105	128	80	48
105	129	79	50
105	141	90	51
105	135	90	45
105	132	78	54
105	129	88	41
105	134	80	54
105	125	80	45
105	139	92	47
105	135	90	45
105	129	88	41
105	134	89	45
105	134	80	54
105	136	78	58
105	141	90	51
105	137	88	49
105	129	79	50
105	128	80	48
106	132	90	42
106	102	78	24
106	132	78	54
106	112	79	33
106	111	80	31
106	132	80	52
106	145	98	47
106	100	80	20
106	134	89	45
106	135	90	45
106	114	86	28
106	123	89	34
106	129	88	41
106	139	92	47
106	135	90	45
106	129	79	50
106	141	90	51
106	115	84	31
106	134	80	54
106	134	89	45
106	128	80	48
106	125	80	45
106	136	78	58
106	137	88	49
106	136	78	58
106	135	90	45
106	128	80	48
106	137	88	49
106	134	89	45
106	125	80	45
106	134	80	54
106	132	78	54
106	129	79	50
106	141	90	51
106	139	92	47
106	129	88	41
106	134	80	54
106	125	80	45
106	139	92	47
106	128	80	48
106	129	79	50
106	137	88	49
106	135	90	45
106	129	88	41
106	134	89	45
106	141	90	51
106	136	78	58
106	134	80	54
107	114	86	28
107	102	78	24
107	145	98	47
107	112	79	33
107	134	89	45
107	132	90	42
107	123	89	34
107	111	80	31
107	100	80	20
107	132	80	52
107	132	78	54
107	135	90	45
107	125	80	45
107	139	92	47
107	129	79	50
107	141	90	51
107	136	78	58
107	129	88	41
107	135	90	45
107	128	80	48
107	137	88	49
107	134	89	45
107	115	84	31
107	134	80	54
107	128	80	48
107	125	80	45
107	134	80	54
107	137	88	49
107	135	90	45
107	139	92	47
107	132	78	54
107	141	90	51
107	129	88	41
107	136	78	58
107	134	89	45
107	129	79	50
107	136	78	58
107	125	80	45
107	134	80	54
107	141	90	51
107	135	90	45
107	129	88	41
107	134	89	45
107	139	92	47
107	137	88	49
107	134	80	54
107	129	79	50
107	128	80	48
108	100	80	20
108	114	86	28
108	135	90	45
108	102	78	24
108	132	78	54
108	112	79	33
108	111	80	31
108	134	89	45
108	132	80	52
108	145	98	47
108	132	90	42
108	123	89	34
108	128	80	48
108	141	90	51
108	136	78	58
108	129	88	41
108	125	80	45
108	129	79	50
108	135	90	45
108	115	84	31
108	137	88	49
108	139	92	47
108	134	80	54
108	134	89	45
108	128	80	48
108	141	90	51
108	125	80	45
108	139	92	47
108	137	88	49
108	134	80	54
108	135	90	45
108	129	79	50
108	132	78	54
108	134	89	45
108	136	78	58
108	129	88	41
108	137	88	49
108	134	80	54
108	141	90	51
108	128	80	48
108	134	89	45
108	139	92	47
108	135	90	45
108	136	78	58
108	129	79	50
108	129	88	41
108	125	80	45
108	134	80	54
109	123	89	34
109	145	98	47
109	112	79	33
109	132	80	52
109	111	80	31
109	132	90	42
109	134	89	45
109	132	78	54
109	100	80	20
109	135	90	45
109	102	78	24
109	114	86	28
109	139	92	47
109	125	80	45
109	137	88	49
109	134	80	54
109	129	88	41
109	141	90	51
109	129	79	50
109	115	84	31
109	134	89	45
109	128	80	48
109	135	90	45
109	136	78	58
109	135	90	45
109	137	88	49
109	136	78	58
109	128	80	48
109	134	89	45
109	129	88	41
109	125	80	45
109	129	79	50
109	139	92	47
109	141	90	51
109	132	78	54
109	134	80	54
109	141	90	51
109	129	79	50
109	135	90	45
109	134	80	54
109	134	80	54
109	137	88	49
109	129	88	41
109	134	89	45
109	139	92	47
109	136	78	58
109	125	80	45
109	128	80	48
110	135	90	45
110	102	78	24
110	134	89	45
110	132	80	52
110	132	90	42
110	123	89	34
110	132	78	54
110	111	80	31
110	114	86	28
110	145	98	47
110	112	79	33
110	100	80	20
110	115	84	31
110	134	80	54
110	134	89	45
110	139	92	47
110	137	88	49
110	135	90	45
110	125	80	45
110	136	78	58
110	129	79	50
110	129	88	41
110	141	90	51
110	128	80	48
110	136	78	58
110	125	80	45
110	129	88	41
110	139	92	47
110	137	88	49
110	132	78	54
110	129	79	50
110	134	80	54
110	128	80	48
110	141	90	51
110	134	89	45
110	135	90	45
110	139	92	47
110	125	80	45
110	141	90	51
110	129	79	50
110	135	90	45
110	134	80	54
110	137	88	49
110	134	89	45
110	129	88	41
110	136	78	58
110	128	80	48
110	134	80	54
111	102	78	24
111	114	86	28
111	112	79	33
111	132	80	52
111	135	90	45
111	145	98	47
111	100	80	20
111	132	78	54
111	132	90	42
111	111	80	31
111	123	89	34
111	134	89	45
111	129	88	41
111	135	90	45
111	115	84	31
111	134	89	45
111	139	92	47
111	129	79	50
111	137	88	49
111	128	80	48
111	125	80	45
111	134	80	54
111	136	78	58
111	141	90	51
111	139	92	47
111	129	79	50
111	125	80	45
111	137	88	49
111	132	78	54
111	141	90	51
111	135	90	45
111	134	80	54
111	136	78	58
111	129	88	41
111	128	80	48
111	134	89	45
111	129	88	41
111	128	80	48
111	139	92	47
111	125	80	45
111	129	79	50
111	134	80	54
111	136	78	58
111	137	88	49
111	134	89	45
111	134	80	54
111	141	90	51
111	135	90	45
